[gd_scene load_steps=42 format=3 uid="uid://uk3s0fjb5pmh"]

[ext_resource type="Script" path="res://level/level.gd" id="1_58g46"]
[ext_resource type="AnimationLibrary" uid="uid://cjkhuv5cn32yu" path="res://level/environment/environment_animations.tres" id="2_3s2c1"]
[ext_resource type="Script" path="res://level/rumble_controller.gd" id="2_gas8d"]
[ext_resource type="PackedScene" uid="uid://wa41njrapfpn" path="res://level/spaceship/spaceship.tscn" id="2_ovpdl"]
[ext_resource type="Curve3D" uid="uid://cy536xdmk2g4n" path="res://characters/alien/alien_path.tres" id="5_8sic0"]
[ext_resource type="Material" uid="uid://bjft6os8hrr36" path="res://level/environment/materials/planet_material.tres" id="5_nosaa"]
[ext_resource type="Curve3D" uid="uid://2tegcoe2filo" path="res://characters/lama/lama_path.tres" id="6_4mufo"]
[ext_resource type="PackedScene" uid="uid://dt1vpkmuodkmu" path="res://level/spacestation/spacestation.gltf" id="6_7tl8n"]
[ext_resource type="AudioStream" uid="uid://b7e4vg2vr8b5w" path="res://audio/effects/warp_01.wav" id="6_g2vm6"]
[ext_resource type="Curve3D" uid="uid://u7jxw4tklqvw" path="res://characters/alien/ufo_path.tres" id="7_a8kou"]
[ext_resource type="Shader" path="res://shaders/toon.gdshader" id="7_c46vp"]
[ext_resource type="PackedScene" uid="uid://bq23ckwovuhf4" path="res://characters/alien/alien.tscn" id="8_bs0lj"]
[ext_resource type="PackedScene" uid="uid://322sh12iustv" path="res://characters/lama/lama.tscn" id="8_t1ik6"]
[ext_resource type="PackedScene" uid="uid://bi2ttsoa7h87g" path="res://components/remote_follow_path.tscn" id="8_xybyf"]
[ext_resource type="Curve3D" uid="uid://bnnm33024rtvp" path="res://characters/player/player_position_path.tres" id="11_wq0yi"]
[ext_resource type="PackedScene" uid="uid://vain2gp1dm54" path="res://level/spacestation/computer.tscn" id="14_34eti"]
[ext_resource type="PackedScene" uid="uid://bbugqyxo4xw7n" path="res://characters/alien/ufo.tscn" id="16_8d17p"]
[ext_resource type="PackedScene" uid="uid://bshyrsivebdd0" path="res://level/environment/mountains.tscn" id="17_thg0y"]
[ext_resource type="PackedScene" uid="uid://ce5kwqern427b" path="res://level/environment/environment.tscn" id="18_bvh68"]
[ext_resource type="PackedScene" uid="uid://vxidh3w2f2yq" path="res://level/environment/stars.tscn" id="19_4v3co"]
[ext_resource type="PackedScene" uid="uid://cq3x5n33r2d8c" path="res://characters/character/character.tscn" id="21_35viv"]
[ext_resource type="Curve3D" uid="uid://h5hat0hxq5pn" path="res://characters/character/character_path.tres" id="22_lkuf6"]

[sub_resource type="AnimationNodeAnimation" id="AnimationNodeAnimation_8dnu5"]
animation = &"RESET"

[sub_resource type="AnimationNodeAnimation" id="AnimationNodeAnimation_e5fql"]
animation = &"environment_animations/landing"

[sub_resource type="AnimationNodeAnimation" id="AnimationNodeAnimation_2a4g6"]
animation = &"environment_animations/launch"

[sub_resource type="AnimationNodeAnimation" id="AnimationNodeAnimation_gd7er"]
animation = &"environment_animations/stars_light"

[sub_resource type="AnimationNodeAnimation" id="AnimationNodeAnimation_w0kem"]
animation = &"environment_animations/warp"

[sub_resource type="AnimationNodeStateMachineTransition" id="AnimationNodeStateMachineTransition_7tb2q"]
switch_mode = 2

[sub_resource type="AnimationNodeStateMachineTransition" id="AnimationNodeStateMachineTransition_jflk3"]
switch_mode = 2

[sub_resource type="AnimationNodeStateMachineTransition" id="AnimationNodeStateMachineTransition_ycoeb"]
advance_mode = 2

[sub_resource type="AnimationNodeStateMachineTransition" id="AnimationNodeStateMachineTransition_omi45"]
xfade_time = 1.53
switch_mode = 2

[sub_resource type="AnimationNodeStateMachineTransition" id="AnimationNodeStateMachineTransition_vdkye"]
xfade_time = 0.98
switch_mode = 2

[sub_resource type="AnimationNodeStateMachineTransition" id="AnimationNodeStateMachineTransition_kbvn4"]
switch_mode = 2

[sub_resource type="AnimationNodeStateMachine" id="AnimationNodeStateMachine_xndii"]
states/End/position = Vector2(1220, 100)
states/Start/position = Vector2(221, 100)
states/intro/node = SubResource("AnimationNodeAnimation_8dnu5")
states/intro/position = Vector2(349, 100)
states/landing/node = SubResource("AnimationNodeAnimation_e5fql")
states/landing/position = Vector2(1037, 100)
states/launch/node = SubResource("AnimationNodeAnimation_2a4g6")
states/launch/position = Vector2(498, 100)
states/stars_light/node = SubResource("AnimationNodeAnimation_gd7er")
states/stars_light/position = Vector2(654, 100)
states/warp/node = SubResource("AnimationNodeAnimation_w0kem")
states/warp/position = Vector2(817, 100)
transitions = ["intro", "launch", SubResource("AnimationNodeStateMachineTransition_7tb2q"), "launch", "stars_light", SubResource("AnimationNodeStateMachineTransition_jflk3"), "Start", "intro", SubResource("AnimationNodeStateMachineTransition_ycoeb"), "stars_light", "warp", SubResource("AnimationNodeStateMachineTransition_omi45"), "warp", "landing", SubResource("AnimationNodeStateMachineTransition_vdkye"), "landing", "End", SubResource("AnimationNodeStateMachineTransition_kbvn4")]
graph_offset = Vector2(-38, -60.0651)

[sub_resource type="AnimationNodeStateMachinePlayback" id="AnimationNodeStateMachinePlayback_4dohv"]

[sub_resource type="Animation" id="Animation_k5ml7"]
length = 0.001
tracks/0/type = "value"
tracks/0/imported = false
tracks/0/enabled = true
tracks/0/path = NodePath("Environment:sky_color")
tracks/0/interp = 1
tracks/0/loop_wrap = true
tracks/0/keys = {
"times": PackedFloat32Array(0),
"transitions": PackedFloat32Array(1),
"update": 0,
"values": [Color(0.164706, 0.172549, 0.301961, 1)]
}
tracks/1/type = "value"
tracks/1/imported = false
tracks/1/enabled = true
tracks/1/path = NodePath("Environment:horizon_height")
tracks/1/interp = 1
tracks/1/loop_wrap = true
tracks/1/keys = {
"times": PackedFloat32Array(0),
"transitions": PackedFloat32Array(1),
"update": 0,
"values": [0.038]
}
tracks/2/type = "value"
tracks/2/imported = false
tracks/2/enabled = true
tracks/2/path = NodePath("Environment:ground_color")
tracks/2/interp = 1
tracks/2/loop_wrap = true
tracks/2/keys = {
"times": PackedFloat32Array(0),
"transitions": PackedFloat32Array(1),
"update": 0,
"values": [Color(0.623529, 0.721569, 0.596078, 1)]
}
tracks/3/type = "value"
tracks/3/imported = false
tracks/3/enabled = true
tracks/3/path = NodePath("Environment:fog_color")
tracks/3/interp = 1
tracks/3/loop_wrap = true
tracks/3/keys = {
"times": PackedFloat32Array(0),
"transitions": PackedFloat32Array(1),
"update": 0,
"values": [Color(0.466667, 0.584314, 0.796078, 1)]
}
tracks/4/type = "value"
tracks/4/imported = false
tracks/4/enabled = true
tracks/4/path = NodePath("Environment:horizon_color")
tracks/4/interp = 1
tracks/4/loop_wrap = true
tracks/4/keys = {
"times": PackedFloat32Array(0),
"transitions": PackedFloat32Array(1),
"update": 0,
"values": [Color(0.894118, 0.654902, 0.741176, 1)]
}
tracks/5/type = "value"
tracks/5/imported = false
tracks/5/enabled = true
tracks/5/path = NodePath("Spaceship/Accent:light_energy")
tracks/5/interp = 1
tracks/5/loop_wrap = true
tracks/5/keys = {
"times": PackedFloat32Array(0),
"transitions": PackedFloat32Array(1),
"update": 0,
"values": [0.05]
}
tracks/6/type = "value"
tracks/6/imported = false
tracks/6/enabled = true
tracks/6/path = NodePath("Planet:visible")
tracks/6/interp = 1
tracks/6/loop_wrap = true
tracks/6/keys = {
"times": PackedFloat32Array(0),
"transitions": PackedFloat32Array(1),
"update": 0,
"values": [true]
}
tracks/7/type = "value"
tracks/7/imported = false
tracks/7/enabled = true
tracks/7/path = NodePath("Planet:position")
tracks/7/interp = 1
tracks/7/loop_wrap = true
tracks/7/keys = {
"times": PackedFloat32Array(0),
"transitions": PackedFloat32Array(1),
"update": 0,
"values": [Vector3(3.72275, 28.7924, -54.9282)]
}
tracks/8/type = "value"
tracks/8/imported = false
tracks/8/enabled = true
tracks/8/path = NodePath("WorldLight:light_energy")
tracks/8/interp = 1
tracks/8/loop_wrap = true
tracks/8/keys = {
"times": PackedFloat32Array(0),
"transitions": PackedFloat32Array(1),
"update": 0,
"values": [0.2]
}
tracks/9/type = "value"
tracks/9/imported = false
tracks/9/enabled = true
tracks/9/path = NodePath("WorldLight:light_color")
tracks/9/interp = 1
tracks/9/loop_wrap = true
tracks/9/keys = {
"times": PackedFloat32Array(0),
"transitions": PackedFloat32Array(1),
"update": 0,
"values": [Color(1, 1, 1, 1)]
}
tracks/10/type = "value"
tracks/10/imported = false
tracks/10/enabled = true
tracks/10/path = NodePath("Environment/Sky:surface_material_override/0:shader_parameter/stars_scale")
tracks/10/interp = 1
tracks/10/loop_wrap = true
tracks/10/keys = {
"times": PackedFloat32Array(0),
"transitions": PackedFloat32Array(1),
"update": 0,
"values": [2.992]
}
tracks/11/type = "value"
tracks/11/imported = false
tracks/11/enabled = true
tracks/11/path = NodePath("Environment:environment:volumetric_fog_density")
tracks/11/interp = 1
tracks/11/loop_wrap = true
tracks/11/keys = {
"times": PackedFloat32Array(0),
"transitions": PackedFloat32Array(1),
"update": 0,
"values": [0.01]
}
tracks/12/type = "value"
tracks/12/imported = false
tracks/12/enabled = true
tracks/12/path = NodePath("Planet:scale")
tracks/12/interp = 1
tracks/12/loop_wrap = true
tracks/12/keys = {
"times": PackedFloat32Array(0),
"transitions": PackedFloat32Array(1),
"update": 0,
"values": [Vector3(0.25, 0.25, 0.25)]
}
tracks/13/type = "value"
tracks/13/imported = false
tracks/13/enabled = true
tracks/13/path = NodePath("Ground/PlanetStardust:visible")
tracks/13/interp = 1
tracks/13/loop_wrap = true
tracks/13/keys = {
"times": PackedFloat32Array(0),
"transitions": PackedFloat32Array(1),
"update": 1,
"values": [false]
}
tracks/14/type = "value"
tracks/14/imported = false
tracks/14/enabled = true
tracks/14/path = NodePath("Spaceship:rotation")
tracks/14/interp = 1
tracks/14/loop_wrap = true
tracks/14/keys = {
"times": PackedFloat32Array(0),
"transitions": PackedFloat32Array(1),
"update": 0,
"values": [Vector3(0, 0, 0)]
}
tracks/15/type = "value"
tracks/15/imported = false
tracks/15/enabled = true
tracks/15/path = NodePath("RumbleController:strong_magnitude")
tracks/15/interp = 1
tracks/15/loop_wrap = true
tracks/15/keys = {
"times": PackedFloat32Array(0),
"transitions": PackedFloat32Array(1),
"update": 0,
"values": [0.0]
}
tracks/16/type = "value"
tracks/16/imported = false
tracks/16/enabled = true
tracks/16/path = NodePath("RumbleController:weak_magnitude")
tracks/16/interp = 1
tracks/16/loop_wrap = true
tracks/16/keys = {
"times": PackedFloat32Array(0),
"transitions": PackedFloat32Array(1),
"update": 0,
"values": [0.0]
}
tracks/17/type = "value"
tracks/17/imported = false
tracks/17/enabled = true
tracks/17/path = NodePath("Spaceship/SpaceshipAudio:stream")
tracks/17/interp = 1
tracks/17/loop_wrap = true
tracks/17/keys = {
"times": PackedFloat32Array(0),
"transitions": PackedFloat32Array(1),
"update": 1,
"values": [ExtResource("6_g2vm6")]
}
tracks/18/type = "value"
tracks/18/imported = false
tracks/18/enabled = true
tracks/18/path = NodePath("Spaceship/SpaceshipAudio:playing")
tracks/18/interp = 1
tracks/18/loop_wrap = true
tracks/18/keys = {
"times": PackedFloat32Array(0),
"transitions": PackedFloat32Array(1),
"update": 1,
"values": [false]
}

[sub_resource type="AnimationLibrary" id="AnimationLibrary_oeqp5"]
_data = {
"RESET": SubResource("Animation_k5ml7")
}

[sub_resource type="BoxMesh" id="BoxMesh_fo1lf"]
size = Vector3(16, 16, 16)

[sub_resource type="ShaderMaterial" id="ShaderMaterial_85duv"]
render_priority = 0
shader = ExtResource("7_c46vp")
shader_parameter/albedo = Color(0.466667, 0.584314, 0.796078, 1)
shader_parameter/specular = 0.5
shader_parameter/specular_amount = 0.5
shader_parameter/specular_smoothness = 0.05
shader_parameter/wrap = 0.25
shader_parameter/rim = 0.5
shader_parameter/rim_amount = 0.2
shader_parameter/rim_smoothness = 0.05
shader_parameter/metallic = 0.0
shader_parameter/roughness = 1.0
shader_parameter/emission = Color(0, 0, 0, 1)
shader_parameter/emission_energy = 1.0

[sub_resource type="ShaderMaterial" id="ShaderMaterial_6uwuf"]
render_priority = 0
shader = ExtResource("7_c46vp")
shader_parameter/albedo = Color(0.4, 0.733333, 0.521569, 1)
shader_parameter/specular = 0.5
shader_parameter/specular_amount = 0.5
shader_parameter/specular_smoothness = 0.05
shader_parameter/wrap = 0.25
shader_parameter/rim = 0.198
shader_parameter/rim_amount = 0.436
shader_parameter/rim_smoothness = 0.619
shader_parameter/metallic = 0.0
shader_parameter/roughness = 1.0
shader_parameter/emission = Color(0, 0, 0, 1)
shader_parameter/emission_energy = 1.0

[sub_resource type="SphereMesh" id="3833"]
radius = 4.0
height = 8.0

[node name="Level" type="Node"]
script = ExtResource("1_58g46")

[node name="StateTree" type="AnimationTree" parent="."]
unique_name_in_owner = true
tree_root = SubResource("AnimationNodeStateMachine_xndii")
anim_player = NodePath("AnimationPlayer")
active = true
parameters/playback = SubResource("AnimationNodeStateMachinePlayback_4dohv")

[node name="AnimationPlayer" type="AnimationPlayer" parent="StateTree"]
root_node = NodePath("../..")
libraries = {
"": SubResource("AnimationLibrary_oeqp5"),
"environment_animations": ExtResource("2_3s2c1")
}

[node name="RumbleController" type="Node" parent="."]
script = ExtResource("2_gas8d")

[node name="Character" parent="." instance=ExtResource("21_35viv")]
transform = Transform3D(-0.704517, 0, 0.709687, 0, 1, 0, -0.709687, 0, -0.704517, -11.4906, 1, -3.99903)
action = "talking"

[node name="Spaceship" parent="." instance=ExtResource("2_ovpdl")]
transform = Transform3D(1, 0, 0, 0, 1, 0, 0, 0, 1, 0, 0.00968003, 0)
door_open = true

[node name="SpaceshipAudio" type="AudioStreamPlayer3D" parent="Spaceship"]
stream = ExtResource("6_g2vm6")
bus = &"Effects"

[node name="FollowPaths" type="Node3D" parent="."]

[node name="CharacterPath" parent="FollowPaths" instance=ExtResource("8_xybyf")]
unique_name_in_owner = true
visible = false
curve = ExtResource("22_lkuf6")
follow_speed = 4.6

[node name="RemoteTransform" parent="FollowPaths/CharacterPath" index="0"]
transform = Transform3D(-0.704517, 0, 0.709687, 0, 1, 0, -0.709687, 0, -0.704517, -11.4906, 1, -3.99903)
remote_path = NodePath("../../../Character")

[node name="PathFollow" parent="FollowPaths/CharacterPath" index="1"]
transform = Transform3D(0.70699, 0, -0.706989, 0, 0.999798, 0, 0.706989, 0, 0.70699, -11.5, 1, -4)

[node name="AlienPath" parent="FollowPaths" instance=ExtResource("8_xybyf")]
unique_name_in_owner = true
visible = false
curve = ExtResource("5_8sic0")
progress_ratio = 1.0

[node name="RemoteTransform" parent="FollowPaths/AlienPath" index="0"]
transform = Transform3D(-0.952003, 0.000760125, 0.306085, -2.61934e-10, 0.999997, -0.00248337, -0.306086, -0.00236418, -0.952001, 0.78405, 1.01247, -4)
remote_path = NodePath("../../../Ground/PlanetStardust/Alien")
update_scale = false

[node name="PathFollow" parent="FollowPaths/AlienPath" index="1"]
transform = Transform3D(0.95278, 0, -0.303157, 0, 0.999828, 0, 0.303157, 0, 0.95278, 0.777695, 1.01744, -4.00001)
progress = 14.8993

[node name="LamaPath" parent="FollowPaths" instance=ExtResource("8_xybyf")]
unique_name_in_owner = true
visible = false
curve = ExtResource("6_4mufo")
follow_speed = 5.3

[node name="RemoteTransform" parent="FollowPaths/LamaPath" index="0"]
transform = Transform3D(-0.704574, -7.11733e-06, 0.709631, 0, 1, 1.00296e-05, -0.709631, 7.06661e-06, -0.704574, -20.797, 1.00002, -36.7929)
remote_path = NodePath("../../../Ground/PlanetStardust/Lama")

[node name="PathFollow" parent="FollowPaths/LamaPath" index="1"]
transform = Transform3D(0.706997, 0, -0.706997, 0, 0.999818, 0, 0.706997, 0, 0.706997, -20.8, 1, -36.8)

[node name="UfoPath" parent="FollowPaths" instance=ExtResource("8_xybyf")]
unique_name_in_owner = true
curve = ExtResource("7_a8kou")
follow_speed = 6.3
turn_speed = 1.0
max_distance = 4.0

[node name="RemoteTransform" parent="FollowPaths/UfoPath" index="0"]
transform = Transform3D(0.00385761, 0.0556407, 0.998443, -1.67638e-08, 0.99845, -0.0556412, -0.999993, 0.000214629, 0.00385159, -19.4005, 0.802853, -41.1923)

[node name="PathFollow" parent="FollowPaths/UfoPath" index="1"]
transform = Transform3D(-4.37047e-08, 0.0570411, -0.998238, 0, 0.998219, 0.0570422, 0.999846, 2.49335e-09, -4.36344e-08, -19.4, 0.8, -41.2)
rotation_mode = 3

[node name="PlayerPath" parent="FollowPaths" instance=ExtResource("8_xybyf")]
unique_name_in_owner = true
visible = false
curve = ExtResource("11_wq0yi")
follow_speed = 1.8
turn_speed = 1.2

[node name="RemoteTransform" parent="FollowPaths/PlayerPath" index="0"]
transform = Transform3D(0.70396, -5.1848e-44, -0.710239, 9.80909e-45, 0.999999, -6.16571e-44, 0.710239, 3.64338e-44, 0.70396, -14.6095, 2.6, -1.20309)
remote_path = NodePath("../../PlayerCamera")
use_global_coordinates = true

[node name="PathFollow" parent="FollowPaths/PlayerPath" index="1"]
transform = Transform3D(-0.707, 0, 0.707, 0, 0.999798, 0, -0.707, 0, -0.707, -14.6, 2.6, -1.2)

[node name="Ground" type="Node3D" parent="."]
transform = Transform3D(1, 0, 0, 0, 1, 0, 0, 0, 1, 0, 0.038, 0)

[node name="Station" type="Node3D" parent="Ground"]
visible = false

[node name="spacestation" parent="Ground/Station" instance=ExtResource("6_7tl8n")]

[node name="Buildings" type="Node3D" parent="Ground/Station"]

[node name="MeshInstance3D" type="MeshInstance3D" parent="Ground/Station/Buildings"]
transform = Transform3D(1, 0, 0, 0, 2.32323, 0, 0, 0, 1, 26.6242, 0, 21.5771)
mesh = SubResource("BoxMesh_fo1lf")
skeleton = NodePath("")
surface_material_override/0 = SubResource("ShaderMaterial_85duv")

[node name="MeshInstance3D3" type="MeshInstance3D" parent="Ground/Station/Buildings"]
transform = Transform3D(1, 0, 0, 0, 1.51698, 0, 0, 0, 3.56057, 26.6242, -10.8923, 21.5771)
mesh = SubResource("BoxMesh_fo1lf")
skeleton = NodePath("")
surface_material_override/0 = SubResource("ShaderMaterial_85duv")

[node name="MeshInstance3D4" type="MeshInstance3D" parent="Ground/Station/Buildings"]
transform = Transform3D(0.115715, 0, 1.27663, 0, 1.91438, 0, -0.911629, 0, 0.162046, 19.2072, -4.95456, -51.6809)
mesh = SubResource("BoxMesh_fo1lf")
skeleton = NodePath("")
surface_material_override/0 = SubResource("ShaderMaterial_85duv")

[node name="MeshInstance3D5" type="MeshInstance3D" parent="Ground/Station/Buildings"]
transform = Transform3D(-0.116136, 0, 1.26849, 0, 1.67592, 0, -0.819915, 0, -0.179675, -14.6257, -6.17549, -39.8133)
mesh = SubResource("BoxMesh_fo1lf")
skeleton = NodePath("")
surface_material_override/0 = SubResource("ShaderMaterial_85duv")

[node name="MeshInstance3D7" type="MeshInstance3D" parent="Ground/Station/Buildings"]
transform = Transform3D(-0.123483, 0, 0.70199, 0, 2.54568, 0, -0.87178, 0, -0.099433, 25.5903, 7.19297, -28.9712)
mesh = SubResource("BoxMesh_fo1lf")
skeleton = NodePath("")
surface_material_override/0 = SubResource("ShaderMaterial_85duv")

[node name="MeshInstance3D6" type="MeshInstance3D" parent="Ground/Station/Buildings"]
transform = Transform3D(-1.91564, 0, 17.0585, 0, 0.750532, 0, -13.5243, 0, -2.41624, -14.6257, -6.17549, -6.46065)
mesh = SubResource("BoxMesh_fo1lf")
skeleton = NodePath("")
surface_material_override/0 = SubResource("ShaderMaterial_6uwuf")

[node name="MeshInstance3D2" type="MeshInstance3D" parent="Ground/Station/Buildings"]
transform = Transform3D(1, 0, 0, 0, 2.32323, 0, 0, 0, 1.55228, 47.1145, 0, -15.575)
mesh = SubResource("BoxMesh_fo1lf")
skeleton = NodePath("")
surface_material_override/0 = SubResource("ShaderMaterial_85duv")

[node name="Computers" type="Node3D" parent="Ground/Station"]

[node name="Computer_01" parent="Ground/Station/Computers" instance=ExtResource("14_34eti")]
transform = Transform3D(-4.37114e-08, 0, -1, 0, 1, 0, 1, 0, -4.37114e-08, -7.19084, 0.988599, -2.85662)

[node name="seat" parent="Ground/Station/Computers/Computer_01" index="2"]
visible = false

[node name="Computer_02" parent="Ground/Station/Computers" instance=ExtResource("14_34eti")]
transform = Transform3D(-4.37114e-08, 0, -1, 0, 1, 0, 1, 0, -4.37114e-08, -7.19084, 0.988599, -5.25662)

[node name="Computer_03" parent="Ground/Station/Computers" instance=ExtResource("14_34eti")]
transform = Transform3D(1, 0, -1.06581e-14, 0, 1, 0, 1.06581e-14, 0, 1, -11.7908, 0.988599, -7.05662)

[node name="seat" parent="Ground/Station/Computers/Computer_03" index="2"]
transform = Transform3D(-0.965845, 0, -0.259123, 0, 1, 0, 0.259123, 0, -0.965845, 0.100632, 0, 0.65753)

[node name="Computer_04" parent="Ground/Station/Computers" instance=ExtResource("14_34eti")]
transform = Transform3D(1, 0, -1.06581e-14, 0, 1, 0, 1.06581e-14, 0, 1, -9.3908, 0.988599, -7.05662)

[node name="seat" parent="Ground/Station/Computers/Computer_04" index="2"]
transform = Transform3D(-0.96621, 0, 0.257757, 0, 1, 0, -0.257757, 0, -0.96621, -0.0919847, 0, 0.862749)

[node name="Computer_05" parent="Ground/Station/Computers" instance=ExtResource("14_34eti")]
transform = Transform3D(1, 0, -1.06581e-14, 0, 1, 0, 1.06581e-14, 0, 1, -14.1908, 0.988599, -7.05662)

[node name="seat" parent="Ground/Station/Computers/Computer_05" index="2"]
transform = Transform3D(-0.886737, 0, 0.462275, 0, 1, 0, -0.462275, 0, -0.886737, -0.400001, 0, 0.800002)

[node name="PlanetStardust" type="Node3D" parent="Ground"]
visible = false

[node name="Ufo" parent="Ground/PlanetStardust" instance=ExtResource("16_8d17p")]
transform = Transform3D(0.00384301, 0.0556404, 0.998443, -5.40167e-08, 0.99845, -0.0556408, -0.999992, 0.000213774, 0.00383705, -19.4005, 0.802853, -41.1923)

[node name="ufo" parent="Ground/PlanetStardust/Ufo" index="4"]
transform = Transform3D(0.986388, 0.115874, 0.116671, -0.116671, 0.993171, 0, -0.115874, -0.013612, 0.99317, 0, 0, 0)

[node name="EngineSounds" parent="Ground/PlanetStardust/Ufo/ufo" index="0"]
volume_db = -32.447
unit_size = 7.04
pitch_scale = 0.68

[node name="beam" parent="Ground/PlanetStardust/Ufo/ufo" index="13"]
transform = Transform3D(-0.062747, -0.989573, 0.129684, 0.0955416, 0.123387, 0.987754, -0.993451, 0.0743684, 0.0868029, 0.00638199, -0.681824, -0.0668926)

[node name="Alien" parent="Ground/PlanetStardust" instance=ExtResource("8_bs0lj")]
transform = Transform3D(-0.951976, 0.000759903, 0.306024, -2.61927e-10, 0.999704, -0.00248287, -0.306077, -0.00236349, -0.95181, 0.78405, 1.01247, -4)

[node name="Lama" parent="Ground/PlanetStardust" instance=ExtResource("8_t1ik6")]
transform = Transform3D(-0.704574, -7.11733e-06, 0.709631, 0, 1, 1.00296e-05, -0.709631, 7.06661e-06, -0.704574, -20.797, 1.00002, -36.7929)

[node name="mountains" parent="Ground/PlanetStardust" instance=ExtResource("17_thg0y")]

[node name="Planet" type="MeshInstance3D" parent="."]
transform = Transform3D(-0.249969, 7.91624e-09, -0.00392246, 0.00200871, 0.214731, -0.12801, 0.00336909, -0.128026, -0.214704, 3.72275, 28.7924, -54.9282)
cast_shadow = 0
mesh = SubResource("3833")
skeleton = NodePath("")
surface_material_override/0 = ExtResource("5_nosaa")

[node name="WorldLight" type="DirectionalLight3D" parent="."]
unique_name_in_owner = true
transform = Transform3D(0.741917, -0.638017, 0.206141, 0.107781, 0.416935, 0.902523, -0.661772, -0.647379, 0.378097, 0, 128, 0)
light_energy = 0.2
shadow_enabled = true
shadow_bias = 0.078
shadow_normal_bias = 1.422
shadow_opacity = 0.31
directional_shadow_blend_splits = true
directional_shadow_max_distance = 25.0

[node name="Environment" parent="." instance=ExtResource("18_bvh68")]
horizon_height = 0.038

[node name="Ground" parent="Environment" index="1"]
transform = Transform3D(1, 0, 0, 0, 1, 0, 0, 0, 1, 0, 0.038, 0)

[node name="RemoteTransform" parent="Environment/Ground" index="2"]
remote_path = NodePath("../../../Ground")

[node name="Stars" parent="." instance=ExtResource("19_4v3co")]

[editable path="FollowPaths/CharacterPath"]
[editable path="FollowPaths/AlienPath"]
[editable path="FollowPaths/LamaPath"]
[editable path="FollowPaths/UfoPath"]
[editable path="FollowPaths/PlayerPath"]
[editable path="Ground/Station/Computers/Computer_01"]
[editable path="Ground/Station/Computers/Computer_01/starmap"]
[editable path="Ground/Station/Computers/Computer_03"]
[editable path="Ground/Station/Computers/Computer_03/starmap"]
[editable path="Ground/Station/Computers/Computer_04"]
[editable path="Ground/Station/Computers/Computer_04/starmap"]
[editable path="Ground/Station/Computers/Computer_05"]
[editable path="Ground/Station/Computers/Computer_05/starmap"]
[editable path="Ground/PlanetStardust/Ufo"]
[editable path="Environment"]
