[gd_scene load_steps=48 format=3 uid="uid://uk3s0fjb5pmh"]

[ext_resource type="Script" path="res://level/level.gd" id="1_58g46"]
[ext_resource type="AnimationLibrary" uid="uid://cjkhuv5cn32yu" path="res://level/environment/environment_animations.tres" id="2_3s2c1"]
[ext_resource type="Script" path="res://level/rumble_controller.gd" id="2_gas8d"]
[ext_resource type="PackedScene" uid="uid://wa41njrapfpn" path="res://level/spaceship/spaceship.tscn" id="2_ovpdl"]
[ext_resource type="Curve3D" uid="uid://cy536xdmk2g4n" path="res://characters/alien/alien_path.tres" id="5_8sic0"]
[ext_resource type="Material" uid="uid://bjft6os8hrr36" path="res://level/environment/materials/planet_material.tres" id="5_nosaa"]
[ext_resource type="Curve3D" uid="uid://2tegcoe2filo" path="res://characters/lama/lama_path.tres" id="6_4mufo"]
[ext_resource type="PackedScene" uid="uid://dt1vpkmuodkmu" path="res://level/spacestation/spacestation.gltf" id="6_7tl8n"]
[ext_resource type="AudioStream" uid="uid://b7e4vg2vr8b5w" path="res://audio/effects/warp_01.wav" id="6_g2vm6"]
[ext_resource type="Curve3D" uid="uid://u7jxw4tklqvw" path="res://characters/alien/ufo_path.tres" id="7_a8kou"]
[ext_resource type="Shader" path="res://shaders/toon.gdshader" id="7_c46vp"]
[ext_resource type="PackedScene" uid="uid://bq23ckwovuhf4" path="res://characters/alien/alien.tscn" id="8_bs0lj"]
[ext_resource type="PackedScene" uid="uid://322sh12iustv" path="res://characters/lama/lama.tscn" id="8_t1ik6"]
[ext_resource type="PackedScene" uid="uid://bi2ttsoa7h87g" path="res://components/remote_follow_path.tscn" id="8_xybyf"]
[ext_resource type="Curve3D" uid="uid://bnnm33024rtvp" path="res://characters/player/player_position_path.tres" id="11_wq0yi"]
[ext_resource type="PackedScene" uid="uid://vain2gp1dm54" path="res://level/spacestation/computer.tscn" id="14_34eti"]
[ext_resource type="PackedScene" uid="uid://bbugqyxo4xw7n" path="res://characters/alien/ufo.tscn" id="16_8d17p"]
[ext_resource type="PackedScene" uid="uid://bshyrsivebdd0" path="res://level/environment/mountains.tscn" id="17_thg0y"]
[ext_resource type="PackedScene" uid="uid://ce5kwqern427b" path="res://level/environment/environment.tscn" id="18_bvh68"]
[ext_resource type="PackedScene" uid="uid://vxidh3w2f2yq" path="res://level/environment/stars.tscn" id="19_4v3co"]
[ext_resource type="PackedScene" uid="uid://cq3x5n33r2d8c" path="res://characters/character/character.tscn" id="21_35viv"]
[ext_resource type="Curve3D" uid="uid://h5hat0hxq5pn" path="res://characters/character/character_path.tres" id="22_lkuf6"]
[ext_resource type="Shader" path="res://level/environment/materials/planet_material.gdshader" id="22_tcbgy"]

[sub_resource type="AnimationNodeAnimation" id="AnimationNodeAnimation_8dnu5"]
animation = &"RESET"

[sub_resource type="AnimationNodeAnimation" id="AnimationNodeAnimation_e5fql"]
animation = &"environment_animations/landing"

[sub_resource type="AnimationNodeAnimation" id="AnimationNodeAnimation_2a4g6"]
animation = &"environment_animations/launch"

[sub_resource type="AnimationNodeAnimation" id="AnimationNodeAnimation_w0kem"]
animation = &"environment_animations/warp"

[sub_resource type="AnimationNodeStateMachineTransition" id="AnimationNodeStateMachineTransition_7tb2q"]
switch_mode = 2

[sub_resource type="AnimationNodeStateMachineTransition" id="AnimationNodeStateMachineTransition_ycoeb"]
advance_mode = 2

[sub_resource type="AnimationNodeStateMachineTransition" id="AnimationNodeStateMachineTransition_vdkye"]
xfade_time = 0.98
switch_mode = 2

[sub_resource type="AnimationNodeStateMachineTransition" id="AnimationNodeStateMachineTransition_kbvn4"]
switch_mode = 2

[sub_resource type="AnimationNodeStateMachineTransition" id="AnimationNodeStateMachineTransition_54vac"]
switch_mode = 2

[sub_resource type="AnimationNodeStateMachine" id="AnimationNodeStateMachine_xndii"]
states/End/position = Vector2(909, 100)
states/Start/position = Vector2(221, 100)
states/intro/node = SubResource("AnimationNodeAnimation_8dnu5")
states/intro/position = Vector2(349, 100)
states/landing/node = SubResource("AnimationNodeAnimation_e5fql")
states/landing/position = Vector2(768, 100)
states/launch/node = SubResource("AnimationNodeAnimation_2a4g6")
states/launch/position = Vector2(498, 100)
states/warp/node = SubResource("AnimationNodeAnimation_w0kem")
states/warp/position = Vector2(632, 100)
transitions = ["intro", "launch", SubResource("AnimationNodeStateMachineTransition_7tb2q"), "Start", "intro", SubResource("AnimationNodeStateMachineTransition_ycoeb"), "warp", "landing", SubResource("AnimationNodeStateMachineTransition_vdkye"), "landing", "End", SubResource("AnimationNodeStateMachineTransition_kbvn4"), "launch", "warp", SubResource("AnimationNodeStateMachineTransition_54vac")]
graph_offset = Vector2(-175, -39.065)

[sub_resource type="Animation" id="Animation_k5ml7"]
length = 0.001
tracks/0/type = "value"
tracks/0/imported = false
tracks/0/enabled = true
tracks/0/path = NodePath("Environment:sky_color")
tracks/0/interp = 1
tracks/0/loop_wrap = true
tracks/0/keys = {
"times": PackedFloat32Array(0),
"transitions": PackedFloat32Array(1),
"update": 0,
"values": [Color(0.164706, 0.172549, 0.301961, 1)]
}
tracks/1/type = "value"
tracks/1/imported = false
tracks/1/enabled = true
tracks/1/path = NodePath("Environment:altitude")
tracks/1/interp = 1
tracks/1/loop_wrap = true
tracks/1/keys = {
"times": PackedFloat32Array(0),
"transitions": PackedFloat32Array(1),
"update": 0,
"values": [0.038]
}
tracks/2/type = "value"
tracks/2/imported = false
tracks/2/enabled = true
tracks/2/path = NodePath("Environment:ground_color")
tracks/2/interp = 1
tracks/2/loop_wrap = true
tracks/2/keys = {
"times": PackedFloat32Array(0),
"transitions": PackedFloat32Array(1),
"update": 0,
"values": [Color(0.623529, 0.721569, 0.596078, 1)]
}
tracks/3/type = "value"
tracks/3/imported = false
tracks/3/enabled = true
tracks/3/path = NodePath("Environment:fog_color")
tracks/3/interp = 1
tracks/3/loop_wrap = true
tracks/3/keys = {
"times": PackedFloat32Array(0),
"transitions": PackedFloat32Array(1),
"update": 0,
"values": [Color(0.466667, 0.584314, 0.796078, 1)]
}
tracks/4/type = "value"
tracks/4/imported = false
tracks/4/enabled = true
tracks/4/path = NodePath("Environment:horizon_color")
tracks/4/interp = 1
tracks/4/loop_wrap = true
tracks/4/keys = {
"times": PackedFloat32Array(0),
"transitions": PackedFloat32Array(1),
"update": 0,
"values": [Color(0.894118, 0.654902, 0.741176, 1)]
}
tracks/5/type = "value"
tracks/5/imported = false
tracks/5/enabled = true
tracks/5/path = NodePath("Planet:visible")
tracks/5/interp = 1
tracks/5/loop_wrap = true
tracks/5/keys = {
"times": PackedFloat32Array(0),
"transitions": PackedFloat32Array(1),
"update": 0,
"values": [true]
}
tracks/6/type = "value"
tracks/6/imported = false
tracks/6/enabled = true
tracks/6/path = NodePath("Planet:position")
tracks/6/interp = 1
tracks/6/loop_wrap = true
tracks/6/keys = {
"times": PackedFloat32Array(0),
"transitions": PackedFloat32Array(1),
"update": 0,
"values": [Vector3(3.72275, 28.7924, -54.9282)]
}
tracks/7/type = "value"
tracks/7/imported = false
tracks/7/enabled = true
tracks/7/path = NodePath("WorldLight:light_energy")
tracks/7/interp = 1
tracks/7/loop_wrap = true
tracks/7/keys = {
"times": PackedFloat32Array(0),
"transitions": PackedFloat32Array(1),
"update": 0,
"values": [0.2]
}
tracks/8/type = "value"
tracks/8/imported = false
tracks/8/enabled = true
tracks/8/path = NodePath("WorldLight:light_color")
tracks/8/interp = 1
tracks/8/loop_wrap = true
tracks/8/keys = {
"times": PackedFloat32Array(0),
"transitions": PackedFloat32Array(1),
"update": 0,
"values": [Color(1, 1, 1, 1)]
}
tracks/9/type = "value"
tracks/9/imported = false
tracks/9/enabled = true
tracks/9/path = NodePath("Environment/Sky:surface_material_override/0:shader_parameter/stars_scale")
tracks/9/interp = 1
tracks/9/loop_wrap = true
tracks/9/keys = {
"times": PackedFloat32Array(0),
"transitions": PackedFloat32Array(1),
"update": 0,
"values": [2.992]
}
tracks/10/type = "value"
tracks/10/imported = false
tracks/10/enabled = true
tracks/10/path = NodePath("Environment:environment:volumetric_fog_density")
tracks/10/interp = 1
tracks/10/loop_wrap = true
tracks/10/keys = {
"times": PackedFloat32Array(0),
"transitions": PackedFloat32Array(1),
"update": 0,
"values": [0.01]
}
tracks/11/type = "value"
tracks/11/imported = false
tracks/11/enabled = true
tracks/11/path = NodePath("Planet:scale")
tracks/11/interp = 1
tracks/11/loop_wrap = true
tracks/11/keys = {
"times": PackedFloat32Array(0),
"transitions": PackedFloat32Array(1),
"update": 0,
"values": [Vector3(0.25, 0.25, 0.25)]
}
tracks/12/type = "value"
tracks/12/imported = false
tracks/12/enabled = true
tracks/12/path = NodePath("Ground/PlanetStardust:visible")
tracks/12/interp = 1
tracks/12/loop_wrap = true
tracks/12/keys = {
"times": PackedFloat32Array(0),
"transitions": PackedFloat32Array(1),
"update": 1,
"values": [false]
}
tracks/13/type = "value"
tracks/13/imported = false
tracks/13/enabled = true
tracks/13/path = NodePath("RumbleController:strong_magnitude")
tracks/13/interp = 1
tracks/13/loop_wrap = true
tracks/13/keys = {
"times": PackedFloat32Array(0),
"transitions": PackedFloat32Array(1),
"update": 0,
"values": [0.0]
}
tracks/14/type = "value"
tracks/14/imported = false
tracks/14/enabled = true
tracks/14/path = NodePath("RumbleController:weak_magnitude")
tracks/14/interp = 1
tracks/14/loop_wrap = true
tracks/14/keys = {
"times": PackedFloat32Array(0),
"transitions": PackedFloat32Array(1),
"update": 0,
"values": [0.0]
}
tracks/15/type = "value"
tracks/15/imported = false
tracks/15/enabled = true
tracks/15/path = NodePath("Spaceship/SpaceshipAudio:stream")
tracks/15/interp = 1
tracks/15/loop_wrap = true
tracks/15/keys = {
"times": PackedFloat32Array(0),
"transitions": PackedFloat32Array(1),
"update": 1,
"values": [ExtResource("6_g2vm6")]
}
tracks/16/type = "value"
tracks/16/imported = false
tracks/16/enabled = true
tracks/16/path = NodePath("Spaceship/SpaceshipAudio:playing")
tracks/16/interp = 1
tracks/16/loop_wrap = true
tracks/16/keys = {
"times": PackedFloat32Array(0),
"transitions": PackedFloat32Array(1),
"update": 1,
"values": [false]
}
tracks/17/type = "value"
tracks/17/imported = false
tracks/17/enabled = true
tracks/17/path = NodePath("Ground/Station:visible")
tracks/17/interp = 1
tracks/17/loop_wrap = true
tracks/17/keys = {
"times": PackedFloat32Array(0),
"transitions": PackedFloat32Array(1),
"update": 1,
"values": [true]
}
tracks/18/type = "value"
tracks/18/imported = false
tracks/18/enabled = true
tracks/18/path = NodePath("Spaceship:steering_motion")
tracks/18/interp = 1
tracks/18/loop_wrap = true
tracks/18/keys = {
"times": PackedFloat32Array(0),
"transitions": PackedFloat32Array(1),
"update": 0,
"values": [0.0]
}
tracks/19/type = "value"
tracks/19/imported = false
tracks/19/enabled = true
tracks/19/path = NodePath("Spaceship:flying_motion")
tracks/19/interp = 1
tracks/19/loop_wrap = true
tracks/19/keys = {
"times": PackedFloat32Array(0),
"transitions": PackedFloat32Array(1),
"update": 0,
"values": [0.0]
}
tracks/20/type = "value"
tracks/20/imported = false
tracks/20/enabled = true
tracks/20/path = NodePath("Stars:position")
tracks/20/interp = 1
tracks/20/loop_wrap = true
tracks/20/keys = {
"times": PackedFloat32Array(0),
"transitions": PackedFloat32Array(1),
"update": 0,
"values": [Vector3(0, 0, 0)]
}
tracks/21/type = "value"
tracks/21/imported = false
tracks/21/enabled = true
tracks/21/path = NodePath("Stars:scale")
tracks/21/interp = 1
tracks/21/loop_wrap = true
tracks/21/keys = {
"times": PackedFloat32Array(0),
"transitions": PackedFloat32Array(1),
"update": 0,
"values": [Vector3(0.999999, 1, 1)]
}
tracks/22/type = "value"
tracks/22/imported = false
tracks/22/enabled = true
tracks/22/path = NodePath("Stars:visible")
tracks/22/interp = 1
tracks/22/loop_wrap = true
tracks/22/keys = {
"times": PackedFloat32Array(0),
"transitions": PackedFloat32Array(1),
"update": 1,
"values": [false]
}

[sub_resource type="AnimationLibrary" id="AnimationLibrary_oeqp5"]
_data = {
"RESET": SubResource("Animation_k5ml7")
}

[sub_resource type="BoxMesh" id="BoxMesh_fo1lf"]
size = Vector3(16, 16, 16)

[sub_resource type="ShaderMaterial" id="ShaderMaterial_85duv"]
render_priority = 0
shader = ExtResource("7_c46vp")
shader_parameter/albedo = Color(0.466667, 0.584314, 0.796078, 1)
shader_parameter/specular = 0.5
shader_parameter/specular_amount = 0.5
shader_parameter/specular_smoothness = 0.05
shader_parameter/wrap = 0.25
shader_parameter/rim = 0.5
shader_parameter/rim_amount = 0.2
shader_parameter/rim_smoothness = 0.05
shader_parameter/metallic = 0.0
shader_parameter/roughness = 1.0
shader_parameter/emission_tint = Color(0, 0, 0, 1)
shader_parameter/emission_energy = 1.0

[sub_resource type="ShaderMaterial" id="ShaderMaterial_6uwuf"]
render_priority = 0
shader = ExtResource("7_c46vp")
shader_parameter/albedo = Color(0.4, 0.733333, 0.521569, 1)
shader_parameter/specular = 0.5
shader_parameter/specular_amount = 0.5
shader_parameter/specular_smoothness = 0.05
shader_parameter/wrap = 0.25
shader_parameter/rim = 0.198
shader_parameter/rim_amount = 0.436
shader_parameter/rim_smoothness = 0.619
shader_parameter/metallic = 0.0
shader_parameter/roughness = 1.0
shader_parameter/emission_tint = Color(0, 0, 0, 1)
shader_parameter/emission_energy = 1.0

[sub_resource type="SphereMesh" id="3833"]
radius = 4.0
height = 8.0

[sub_resource type="Gradient" id="Gradient_l168m"]
offsets = PackedFloat32Array(0.0753968, 0.361111, 0.623016, 1)
colors = PackedColorArray(0.466667, 0.584314, 0.796078, 1, 0.290196, 0.168627, 0.403922, 1, 0.164706, 0.172549, 0.301961, 1, 0.113725, 0.113725, 0.266667, 1)

[sub_resource type="Curve" id="Curve_5lvc0"]
_data = [Vector2(0, 0), 0.0, 0.0, 0, 0, Vector2(1, 1), 0.0, 0.0, 0, 0]
point_count = 2

[sub_resource type="Curve" id="Curve_510cw"]
_data = [Vector2(0, 0), 0.0, 0.0, 0, 0, Vector2(1, 1), 0.0, 0.0, 0, 0]
point_count = 2

[sub_resource type="FastNoiseLite" id="FastNoiseLite_kuh6x"]
noise_type = 3
frequency = 0.0055
fractal_octaves = 9
fractal_lacunarity = 2.592
fractal_gain = 0.338
fractal_weighted_strength = 1.0
domain_warp_enabled = true
domain_warp_type = 1
domain_warp_amplitude = 51.022
domain_warp_frequency = -0.008
domain_warp_fractal_lacunarity = 2.973

[sub_resource type="NoiseTexture2D" id="NoiseTexture2D_e8406"]
width = 1024
height = 1024
in_3d_space = true
seamless = true
seamless_blend_skirt = 0.582
noise = SubResource("FastNoiseLite_kuh6x")

[sub_resource type="Gradient" id="Gradient_md7p6"]
interpolation_mode = 2
offsets = PackedFloat32Array(0.246212, 0.405303, 0.575758, 0.643939, 0.720779, 0.847403, 0.883117, 0.899351, 0.957792)
colors = PackedColorArray(0.241235, 0.181639, 0.637774, 1, 0.265675, 0.328805, 0.670102, 1, 0.358184, 0.457245, 0.795857, 1, 0.55206, 0.609156, 0.918864, 1, 0.62316, 0.499455, 0.70292, 1, 0.624484, 0.462869, 0.723787, 1, 0.623842, 0.427904, 0.857562, 1, 0.661754, 0.516994, 0.900451, 1, 0.816009, 0.638485, 0.92737, 1)

[sub_resource type="GradientTexture1D" id="GradientTexture1D_astb8"]
gradient = SubResource("Gradient_md7p6")

[sub_resource type="ShaderMaterial" id="ShaderMaterial_1u3eq"]
resource_local_to_scene = true
render_priority = 0
shader = ExtResource("22_tcbgy")
shader_parameter/specular = 0.5
shader_parameter/specular_amount = 0.5
shader_parameter/specular_smoothness = 0.05
shader_parameter/wrap = 0.171
shader_parameter/rim = 0.727
shader_parameter/rim_amount = 0.651
shader_parameter/rim_smoothness = 1.0
shader_parameter/metallic = 0.0
shader_parameter/roughness = 0.608
shader_parameter/emission_energy = 0.302
shader_parameter/albedo_texture = SubResource("NoiseTexture2D_e8406")
shader_parameter/color_gradient = SubResource("GradientTexture1D_astb8")

[node name="Level" type="Node"]
script = ExtResource("1_58g46")

[node name="StateTree" type="AnimationTree" parent="."]
unique_name_in_owner = true
tree_root = SubResource("AnimationNodeStateMachine_xndii")
anim_player = NodePath("AnimationPlayer")

[node name="AnimationPlayer" type="AnimationPlayer" parent="StateTree"]
root_node = NodePath("../..")
libraries = {
"": SubResource("AnimationLibrary_oeqp5"),
"environment_animations": ExtResource("2_3s2c1")
}

[node name="RumbleController" type="Node" parent="."]
script = ExtResource("2_gas8d")

[node name="Character" parent="." instance=ExtResource("21_35viv")]
transform = Transform3D(-0.990353, 1.04314e-05, -0.138531, -2.54657e-11, 1, 7.52993e-05, 0.138531, 7.45736e-05, -0.990353, -13.2931, 1.00015, -3.19279)

[node name="Spaceship" parent="." instance=ExtResource("2_ovpdl")]
transform = Transform3D(1, 0, 0, 0, 1, 0, 0, 0, 1, 0, 0.00968003, 0)
screen_state = "playing"

[node name="SpaceshipAudio" type="AudioStreamPlayer3D" parent="Spaceship"]
stream = ExtResource("6_g2vm6")
volume_db = -43.307
max_db = 1.73
bus = &"Effects"

[node name="FollowPaths" type="Node3D" parent="."]

[node name="CharacterPath" parent="FollowPaths" instance=ExtResource("8_xybyf")]
unique_name_in_owner = true
visible = false
curve = ExtResource("22_lkuf6")

[node name="RemoteTransform" parent="FollowPaths/CharacterPath" index="0"]
transform = Transform3D(-0.990353, 1.04314e-05, -0.138531, -2.54657e-11, 1, 7.52993e-05, 0.138531, 7.45736e-05, -0.990353, -13.2931, 1.00015, -3.19279)
remote_path = NodePath("../../../Character")

[node name="PathFollow" parent="FollowPaths/CharacterPath" index="1"]
transform = Transform3D(-0.989782, 0, -0.141398, 0, 0.999798, 0, 0.141398, 0, -0.989782, -13.3, 1, -3.2)

[node name="AlienPath" parent="FollowPaths" instance=ExtResource("8_xybyf")]
unique_name_in_owner = true
curve = ExtResource("5_8sic0")
progress_ratio = 1.0

[node name="RemoteTransform" parent="FollowPaths/AlienPath" index="0"]
transform = Transform3D(-0.963971, 0.000852324, 0.265985, 0, 0.999995, -0.00320439, -0.265985, -0.00308896, -0.963973, 0.995202, 1.29361, -4.19556)
remote_path = NodePath("../../../Ground/PlanetStardust/Alien")
update_scale = false

[node name="PathFollow" parent="FollowPaths/AlienPath" index="1"]
transform = Transform3D(-0.96337, 0, 0.267603, 0, 0.999828, 0, -0.267603, 0, -0.96337, 1, 1.3, -4.2)
progress = 14.8993

[node name="LamaPath" parent="FollowPaths" instance=ExtResource("8_xybyf")]
unique_name_in_owner = true
curve = ExtResource("6_4mufo")
progress_ratio = 0.85

[node name="RemoteTransform" parent="FollowPaths/LamaPath" index="0"]
transform = Transform3D(-0.829456, 9.35151e-05, -0.558572, -2.80124e-10, 1, 0.000167419, 0.558571, 0.000138867, -0.829457, -4.69336, 1.70155, -10.3192)
remote_path = NodePath("../../../Ground/PlanetStardust/LamaLost")

[node name="BeamTransform3D" type="RemoteTransform3D" parent="FollowPaths/LamaPath/RemoteTransform/Marker3D" index="0"]
transform = Transform3D(0.981791, 0.0112597, 0.189628, -0.000474675, 0.998384, -0.0568209, -0.189961, 0.0556996, 0.98021, 0, 0, 0)
remote_path = NodePath("../../../../../Ground/PlanetStardust/Ufo/BeamTransformTarget")

[node name="PathFollow" parent="FollowPaths/LamaPath" index="1"]
transform = Transform3D(-0.829347, 0, -0.558481, 0, 0.999818, 0, 0.558481, 0, -0.829347, -4.69748, 1.70122, -10.3254)
progress = 38.9669

[node name="UfoPath" parent="FollowPaths" instance=ExtResource("8_xybyf")]
unique_name_in_owner = true
curve = ExtResource("7_a8kou")
progress_ratio = 0.85

[node name="RemoteTransform" parent="FollowPaths/UfoPath" index="0"]
transform = Transform3D(-0.813828, 0.107236, -0.571117, 4.24681e-07, 0.982823, 0.184539, 0.581098, 0.150184, -0.799851, -4.70804, 4.8628, -10.8321)
remote_path = NodePath("../../../Ground/PlanetStardust/Ufo")

[node name="PathFollow" parent="FollowPaths/UfoPath" index="1"]
transform = Transform3D(-0.81839, 0.024033, -0.573938, -0.100701, 0.977489, 0.184525, 0.565547, 0.208829, -0.797676, -4.71558, 4.86339, -10.8304)
progress = 38.6353
rotation_mode = 3

[node name="PlayerPath" parent="FollowPaths" instance=ExtResource("8_xybyf")]
unique_name_in_owner = true
curve = ExtResource("11_wq0yi")
progress_ratio = 0.65
pivot = -0.05
tilt = 0.35

[node name="RemoteTransform" parent="FollowPaths/PlayerPath" index="0"]
transform = Transform3D(0.129964, 0.121242, -0.984076, 7.07808e-08, 0.992492, 0.122279, 0.991523, -0.0158919, 0.128988, -3.55796, 2.53982, 0.881772)
remote_path = NodePath("../../../PlayerCamera")
use_global_coordinates = true

[node name="PathFollow" parent="FollowPaths/PlayerPath" index="1"]
transform = Transform3D(-0.0274728, 0, -0.999458, 0, 0.999798, 0, 0.999458, 0, -0.0274728, -3.56732, 2.54012, 0.881523)
progress = 10.8334

[node name="LookTargetPivot" parent="FollowPaths/PlayerPath/PathFollow" index="1"]
transform = Transform3D(0.987688, 0, 0.156434, 0, 1, 0, -0.156434, 0, 0.987688, 0, 0, 0)

[node name="LookTargetTilt" parent="FollowPaths/PlayerPath/PathFollow/LookTargetPivot" index="0"]
transform = Transform3D(1, 0, 0, 0, 0.992545, 0.121869, 0, -0.121869, 0.992545, 0, 0, 0)

[node name="Ground" type="Node3D" parent="."]
transform = Transform3D(1, 0, 0, 0, 1, 0, 0, 0, 1, 0, -128, 0)

[node name="Station" type="Node3D" parent="Ground"]

[node name="LamaRescued" parent="Ground/Station" instance=ExtResource("8_t1ik6")]
unique_name_in_owner = true
transform = Transform3D(0.970733, 7.67017e-06, 0.24016, 9.28026e-12, 1, -3.19377e-05, -0.24016, 3.1003e-05, 0.970733, -9.14576, 1.01752, 0.497959)

[node name="spacestation" parent="Ground/Station" instance=ExtResource("6_7tl8n")]

[node name="Buildings" type="Node3D" parent="Ground/Station"]

[node name="MeshInstance3D" type="MeshInstance3D" parent="Ground/Station/Buildings"]
transform = Transform3D(1, 0, 0, 0, 2.32323, 0, 0, 0, 1, 26.6242, 0, 21.5771)
mesh = SubResource("BoxMesh_fo1lf")
skeleton = NodePath("")
surface_material_override/0 = SubResource("ShaderMaterial_85duv")

[node name="MeshInstance3D3" type="MeshInstance3D" parent="Ground/Station/Buildings"]
transform = Transform3D(1, 0, 0, 0, 1.51698, 0, 0, 0, 3.56057, 26.6242, -10.8923, 21.5771)
mesh = SubResource("BoxMesh_fo1lf")
skeleton = NodePath("")
surface_material_override/0 = SubResource("ShaderMaterial_85duv")

[node name="MeshInstance3D4" type="MeshInstance3D" parent="Ground/Station/Buildings"]
transform = Transform3D(0.115715, 0, 1.27663, 0, 1.91438, 0, -0.911629, 0, 0.162046, 19.2072, -4.95456, -51.6809)
mesh = SubResource("BoxMesh_fo1lf")
skeleton = NodePath("")
surface_material_override/0 = SubResource("ShaderMaterial_85duv")

[node name="MeshInstance3D5" type="MeshInstance3D" parent="Ground/Station/Buildings"]
transform = Transform3D(-0.116136, 0, 1.26849, 0, 1.67592, 0, -0.819915, 0, -0.179675, -14.6257, -6.17549, -39.8133)
mesh = SubResource("BoxMesh_fo1lf")
skeleton = NodePath("")
surface_material_override/0 = SubResource("ShaderMaterial_85duv")

[node name="MeshInstance3D7" type="MeshInstance3D" parent="Ground/Station/Buildings"]
transform = Transform3D(-0.123483, 0, 0.70199, 0, 2.54568, 0, -0.87178, 0, -0.099433, 25.5903, 7.19297, -28.9712)
mesh = SubResource("BoxMesh_fo1lf")
skeleton = NodePath("")
surface_material_override/0 = SubResource("ShaderMaterial_85duv")

[node name="MeshInstance3D6" type="MeshInstance3D" parent="Ground/Station/Buildings"]
transform = Transform3D(-1.91564, 0, 17.0585, 0, 0.750532, 0, -13.5243, 0, -2.41624, -14.6257, -6.17549, -6.46065)
mesh = SubResource("BoxMesh_fo1lf")
skeleton = NodePath("")
surface_material_override/0 = SubResource("ShaderMaterial_6uwuf")

[node name="MeshInstance3D2" type="MeshInstance3D" parent="Ground/Station/Buildings"]
transform = Transform3D(1, 0, 0, 0, 2.32323, 0, 0, 0, 1.55228, 47.1145, 0, -15.575)
mesh = SubResource("BoxMesh_fo1lf")
skeleton = NodePath("")
surface_material_override/0 = SubResource("ShaderMaterial_85duv")

[node name="Computers" type="Node3D" parent="Ground/Station"]

[node name="Computer_01" parent="Ground/Station/Computers" instance=ExtResource("14_34eti")]
transform = Transform3D(-4.37114e-08, 0, -1, 0, 1, 0, 1, 0, -4.37114e-08, -7.19084, 0.988599, -2.85662)

[node name="seat" parent="Ground/Station/Computers/Computer_01" index="2"]
visible = false

[node name="Computer_02" parent="Ground/Station/Computers" instance=ExtResource("14_34eti")]
transform = Transform3D(-4.37114e-08, 0, -1, 0, 1, 0, 1, 0, -4.37114e-08, -7.19084, 0.988599, -5.25662)

[node name="Computer_03" parent="Ground/Station/Computers" instance=ExtResource("14_34eti")]
transform = Transform3D(1, 0, -1.06581e-14, 0, 1, 0, 1.06581e-14, 0, 1, -11.7908, 0.988599, -7.05662)

[node name="seat" parent="Ground/Station/Computers/Computer_03" index="2"]
transform = Transform3D(-0.965845, 0, -0.259123, 0, 1, 0, 0.259123, 0, -0.965845, 0.100632, 0, 0.65753)

[node name="Computer_04" parent="Ground/Station/Computers" instance=ExtResource("14_34eti")]
transform = Transform3D(1, 0, -1.06581e-14, 0, 1, 0, 1.06581e-14, 0, 1, -9.3908, 0.988599, -7.05662)

[node name="seat" parent="Ground/Station/Computers/Computer_04" index="2"]
transform = Transform3D(-0.96621, 0, 0.257757, 0, 1, 0, -0.257757, 0, -0.96621, -0.0919847, 0, 0.862749)

[node name="Computer_05" parent="Ground/Station/Computers" instance=ExtResource("14_34eti")]
transform = Transform3D(1, 0, -1.06581e-14, 0, 1, 0, 1.06581e-14, 0, 1, -14.1908, 0.988599, -7.05662)

[node name="seat" parent="Ground/Station/Computers/Computer_05" index="2"]
transform = Transform3D(-0.886737, 0, 0.462275, 0, 1, 0, -0.462275, 0, -0.886737, -0.400001, 0, 0.800002)

[node name="PlanetStardust" type="Node3D" parent="Ground"]
visible = false

[node name="LamaLost" parent="Ground/PlanetStardust" instance=ExtResource("8_t1ik6")]
unique_name_in_owner = true
transform = Transform3D(-0.829456, 9.35151e-05, -0.558572, -2.80124e-10, 1, 0.000167419, 0.558571, 0.000138867, -0.829457, -4.69336, 1.70155, -10.3192)

[node name="lama" parent="Ground/PlanetStardust/LamaLost" index="2"]
transform = Transform3D(-3.61999e-06, 0, -1, 0, 1, 0, 1, 0, -3.61999e-06, 0, 0.1875, -0.359375)

[node name="neck" parent="Ground/PlanetStardust/LamaLost/lama" index="0"]
transform = Transform3D(1, 0, 0, 0, 1, 0, 0, 0, 1, 0.0625, 0.375, 0.015625)

[node name="head" parent="Ground/PlanetStardust/LamaLost/lama/neck" index="0"]
transform = Transform3D(1, 0, 0, 0, 1, 0, 0, 0, 1, 0.00781253, 0.601564, -1.49012e-08)

[node name="ear_right" parent="Ground/PlanetStardust/LamaLost/lama/neck/head" index="0"]
transform = Transform3D(0.866025, -0.5, 0, 0.5, 0.866025, 0, 0, 0, 1, 0.015625, 0.171875, -0.0703125)

[node name="ear_left" parent="Ground/PlanetStardust/LamaLost/lama/neck/head" index="1"]
transform = Transform3D(0.866024, -0.500004, 0, 0.500004, 0.866024, 1.22465e-16, 6.12329e-17, 1.06058e-16, -1, 0.015625, 0.171875, 0.0546875)

[node name="leg_front_left" parent="Ground/PlanetStardust/LamaLost/lama" index="3"]
transform = Transform3D(-1, 1.22465e-16, -2.53518e-06, 1.22465e-16, 1, 1.22465e-16, 2.53518e-06, 1.22465e-16, -1, 0.170001, 0.25, 0.11989)

[node name="leg_back_left" parent="Ground/PlanetStardust/LamaLost/lama" index="4"]
transform = Transform3D(-1, 1.22465e-16, -2.53518e-06, 1.22465e-16, 1, 1.22465e-16, 2.53518e-06, 1.22465e-16, -1, 0.59375, 0.25, 0.132813)

[node name="BeamTargetTransform" type="RemoteTransform3D" parent="Ground/PlanetStardust/LamaLost"]
remote_path = NodePath("../../Ufo/BeamLookTarget")

[node name="Ufo" parent="Ground/PlanetStardust" instance=ExtResource("16_8d17p")]
transform = Transform3D(-0.813828, 0.107236, -0.571117, 4.24681e-07, 0.982823, 0.184539, 0.581098, 0.150184, -0.799851, -4.70804, 4.8628, -10.8321)

[node name="BeamLookTarget" parent="Ground/PlanetStardust/Ufo" index="2"]
transform = Transform3D(0.999628, 5.00722e-06, -0.0274145, -0.00505947, 0.982858, -0.184307, 0.0269435, 0.184376, 0.982491, 0.286099, -3.02836, -1.00201)

[node name="ufo" parent="Ground/PlanetStardust/Ufo" index="4"]
transform = Transform3D(0.986388, 0.115874, 0.116671, -0.116671, 0.993171, 0, -0.115874, -0.013612, 0.99317, 0, 0, 0)

[node name="beam" parent="Ground/PlanetStardust/Ufo/ufo" index="5"]
transform = Transform3D(0.82813, 0.557237, 0.0606668, -0.333992, 0.403627, 0.851778, 0.450156, -0.725651, 0.520369, 0, -0.699989, 0)

[node name="speaker_right" parent="Ground/PlanetStardust/Ufo/ufo" index="15"]
transform = Transform3D(0.906308, 0.335286, -0.257274, 0, 0.608762, 0.793353, 0.422618, -0.719023, 0.551725, 0.390625, 0.5, -0.96875)

[node name="speaker_left" parent="Ground/PlanetStardust/Ufo/ufo" index="16"]
transform = Transform3D(0.906308, -0.335286, 0.257273, 0, 0.608762, 0.793353, -0.422618, -0.719023, 0.551725, -0.390625, 0.5, -0.96875)

[node name="Alien" parent="Ground/PlanetStardust" instance=ExtResource("8_bs0lj")]
transform = Transform3D(-0.963946, 0.000852073, 0.265932, 0, 0.999701, -0.00320375, -0.265978, -0.00308805, -0.96378, 0.995202, 1.29361, -4.19556)

[node name="mountains" parent="Ground/PlanetStardust" instance=ExtResource("17_thg0y")]

[node name="Planet" type="MeshInstance3D" parent="."]
transform = Transform3D(-0.249969, 8.3819e-09, -0.00392246, 0.00200871, 0.214731, -0.12801, 0.00336909, -0.128026, -0.214704, 3.72275, 28.7924, -54.9282)
cast_shadow = 0
mesh = SubResource("3833")
skeleton = NodePath("")
surface_material_override/0 = ExtResource("5_nosaa")

[node name="WorldLight" type="DirectionalLight3D" parent="."]
unique_name_in_owner = true
transform = Transform3D(-0.535923, 0.810399, 0.236727, -0.085635, -0.331126, 0.939693, 0.839913, 0.483331, 0.246857, 0, 128, 0)
light_energy = 0.2
shadow_enabled = true
shadow_bias = 0.005
shadow_normal_bias = 3.891
shadow_opacity = 0.3
shadow_blur = 4.886
directional_shadow_blend_splits = true
directional_shadow_max_distance = 25.0

[node name="Environment" parent="." instance=ExtResource("18_bvh68")]
sky_gradient = SubResource("Gradient_l168m")
altitude = 0.038
planet_height = 0.0
planet_height_curve = SubResource("Curve_5lvc0")
planet_rotation_curve = SubResource("Curve_510cw")

[node name="Ground" parent="Environment" index="1"]
transform = Transform3D(1, 0, 0, 0, 1, 0, 0, 0, 1, 0, -0.0152877, 0)

[node name="RemoteTransform" parent="Environment/Ground" index="2"]
remote_path = NodePath("../../../Ground")

[node name="PlanetPivot" parent="Environment" index="2"]
transform = Transform3D(1, 0, 0, 0, 1, 0, 0, 0, 1, 0, 0, 0)

[node name="Planet" parent="Environment/PlanetPivot" index="0"]
transform = Transform3D(-5.74879, 0.0537774, -0.10503, 0.0537863, 5.74975, 0, 0.105025, -0.000982464, -5.74904, 0, 0, -26.9474)
surface_material_override/0 = SubResource("ShaderMaterial_1u3eq")

[node name="Stars" parent="." instance=ExtResource("19_4v3co")]
transform = Transform3D(0.853862, 0.519279, -0.0356162, -0.51218, 0.826063, -0.235142, -0.0926829, 0.219021, 0.971308, 0, 0, 0)
visible = false

[node name="PlayerCamera" type="Camera3D" parent="."]
unique_name_in_owner = true
transform = Transform3D(0.129964, 0.121242, -0.984076, 7.07808e-08, 0.992492, 0.122279, 0.991523, -0.0158919, 0.128988, -3.55796, 2.53982, 0.881772)
fov = 65.5

[editable path="FollowPaths/CharacterPath"]
[editable path="FollowPaths/AlienPath"]
[editable path="FollowPaths/LamaPath"]
[editable path="FollowPaths/UfoPath"]
[editable path="FollowPaths/PlayerPath"]
[editable path="Ground/Station/Computers/Computer_01"]
[editable path="Ground/Station/Computers/Computer_03"]
[editable path="Ground/Station/Computers/Computer_04"]
[editable path="Ground/Station/Computers/Computer_05"]
[editable path="Ground/PlanetStardust/LamaLost"]
[editable path="Ground/PlanetStardust/Ufo"]
[editable path="Environment"]
