[gd_scene load_steps=46 format=3 uid="uid://uk3s0fjb5pmh"]

[ext_resource type="Script" path="res://level/level.gd" id="1_58g46"]
[ext_resource type="AnimationLibrary" uid="uid://cjkhuv5cn32yu" path="res://level/environment/environment_animations.tres" id="2_3s2c1"]
[ext_resource type="Script" path="res://level/rumble_controller.gd" id="2_gas8d"]
[ext_resource type="PackedScene" uid="uid://wa41njrapfpn" path="res://level/spaceship/spaceship.tscn" id="2_ovpdl"]
[ext_resource type="Curve3D" uid="uid://cy536xdmk2g4n" path="res://characters/alien/alien_path.tres" id="5_8sic0"]
[ext_resource type="Material" uid="uid://bjft6os8hrr36" path="res://level/environment/materials/planet_material.tres" id="5_nosaa"]
[ext_resource type="Curve3D" uid="uid://2tegcoe2filo" path="res://characters/lama/lama_path.tres" id="6_4mufo"]
[ext_resource type="PackedScene" uid="uid://dt1vpkmuodkmu" path="res://level/spacestation/spacestation.gltf" id="6_7tl8n"]
[ext_resource type="Curve3D" uid="uid://u7jxw4tklqvw" path="res://characters/alien/ufo_path.tres" id="7_a8kou"]
[ext_resource type="Shader" path="res://shaders/toon.gdshader" id="7_c46vp"]
[ext_resource type="PackedScene" uid="uid://bq23ckwovuhf4" path="res://characters/alien/alien.tscn" id="8_bs0lj"]
[ext_resource type="PackedScene" uid="uid://322sh12iustv" path="res://characters/lama/lama.tscn" id="8_t1ik6"]
[ext_resource type="PackedScene" uid="uid://bi2ttsoa7h87g" path="res://components/remote_follow_path.tscn" id="8_xybyf"]
[ext_resource type="Curve3D" uid="uid://bnnm33024rtvp" path="res://characters/player/player_position_path.tres" id="11_wq0yi"]
[ext_resource type="Script" path="res://level/environment/stars.gd" id="13_77t1c"]
[ext_resource type="PackedScene" uid="uid://vain2gp1dm54" path="res://level/spacestation/computer.tscn" id="14_34eti"]
[ext_resource type="PackedScene" uid="uid://cpyfijnifmpjh" path="res://level/environment/models/star.tscn" id="14_otpjb"]
[ext_resource type="PackedScene" uid="uid://bbugqyxo4xw7n" path="res://characters/alien/ufo.tscn" id="15_aphfm"]
[ext_resource type="PackedScene" uid="uid://ce5kwqern427b" path="res://level/environment/environment.tscn" id="18_bvh68"]
[ext_resource type="PackedScene" uid="uid://cq3x5n33r2d8c" path="res://characters/character/character.tscn" id="21_35viv"]
[ext_resource type="Curve3D" uid="uid://h5hat0hxq5pn" path="res://characters/character/character_path.tres" id="22_lkuf6"]

[sub_resource type="AnimationNodeAnimation" id="AnimationNodeAnimation_8dnu5"]
animation = &"RESET"

[sub_resource type="AnimationNodeAnimation" id="AnimationNodeAnimation_e5fql"]
animation = &"environment_animations/landing"

[sub_resource type="AnimationNodeAnimation" id="AnimationNodeAnimation_2a4g6"]
animation = &"environment_animations/launch"

[sub_resource type="AnimationNodeAnimation" id="AnimationNodeAnimation_gd7er"]
animation = &"environment_animations/stars_light"

[sub_resource type="AnimationNodeAnimation" id="AnimationNodeAnimation_w0kem"]
animation = &"environment_animations/warp"

[sub_resource type="AnimationNodeStateMachineTransition" id="AnimationNodeStateMachineTransition_7tb2q"]
switch_mode = 2

[sub_resource type="AnimationNodeStateMachineTransition" id="AnimationNodeStateMachineTransition_jflk3"]
switch_mode = 2

[sub_resource type="AnimationNodeStateMachineTransition" id="AnimationNodeStateMachineTransition_ycoeb"]
advance_mode = 2

[sub_resource type="AnimationNodeStateMachineTransition" id="AnimationNodeStateMachineTransition_omi45"]
xfade_time = 1.53
switch_mode = 2

[sub_resource type="AnimationNodeStateMachineTransition" id="AnimationNodeStateMachineTransition_vdkye"]
xfade_time = 0.98
switch_mode = 2

[sub_resource type="AnimationNodeStateMachineTransition" id="AnimationNodeStateMachineTransition_kbvn4"]
switch_mode = 2

[sub_resource type="AnimationNodeStateMachine" id="AnimationNodeStateMachine_xndii"]
states/End/position = Vector2(1220, 100)
states/Start/position = Vector2(221, 100)
states/intro/node = SubResource("AnimationNodeAnimation_8dnu5")
states/intro/position = Vector2(349, 100)
states/landing/node = SubResource("AnimationNodeAnimation_e5fql")
states/landing/position = Vector2(1037, 100)
states/launch/node = SubResource("AnimationNodeAnimation_2a4g6")
states/launch/position = Vector2(498, 100)
states/stars_light/node = SubResource("AnimationNodeAnimation_gd7er")
states/stars_light/position = Vector2(654, 100)
states/warp/node = SubResource("AnimationNodeAnimation_w0kem")
states/warp/position = Vector2(817, 100)
transitions = ["intro", "launch", SubResource("AnimationNodeStateMachineTransition_7tb2q"), "launch", "stars_light", SubResource("AnimationNodeStateMachineTransition_jflk3"), "Start", "intro", SubResource("AnimationNodeStateMachineTransition_ycoeb"), "stars_light", "warp", SubResource("AnimationNodeStateMachineTransition_omi45"), "warp", "landing", SubResource("AnimationNodeStateMachineTransition_vdkye"), "landing", "End", SubResource("AnimationNodeStateMachineTransition_kbvn4")]
graph_offset = Vector2(-38, -60.0651)

[sub_resource type="AnimationNodeStateMachinePlayback" id="AnimationNodeStateMachinePlayback_4dohv"]

[sub_resource type="Animation" id="Animation_k5ml7"]
length = 0.001
tracks/0/type = "value"
tracks/0/imported = false
tracks/0/enabled = true
tracks/0/path = NodePath("Environment:sky_color")
tracks/0/interp = 1
tracks/0/loop_wrap = true
tracks/0/keys = {
"times": PackedFloat32Array(0),
"transitions": PackedFloat32Array(1),
"update": 0,
"values": [Color(0.164706, 0.172549, 0.301961, 1)]
}
tracks/1/type = "value"
tracks/1/imported = false
tracks/1/enabled = true
tracks/1/path = NodePath("Environment:horizon_height")
tracks/1/interp = 1
tracks/1/loop_wrap = true
tracks/1/keys = {
"times": PackedFloat32Array(0),
"transitions": PackedFloat32Array(1),
"update": 0,
"values": [0.038]
}
tracks/2/type = "value"
tracks/2/imported = false
tracks/2/enabled = true
tracks/2/path = NodePath("Environment:ground_color")
tracks/2/interp = 1
tracks/2/loop_wrap = true
tracks/2/keys = {
"times": PackedFloat32Array(0),
"transitions": PackedFloat32Array(1),
"update": 0,
"values": [Color(0.623529, 0.721569, 0.596078, 1)]
}
tracks/3/type = "value"
tracks/3/imported = false
tracks/3/enabled = true
tracks/3/path = NodePath("Environment:fog_color")
tracks/3/interp = 1
tracks/3/loop_wrap = true
tracks/3/keys = {
"times": PackedFloat32Array(0),
"transitions": PackedFloat32Array(1),
"update": 0,
"values": [Color(0.466667, 0.584314, 0.796078, 1)]
}
tracks/4/type = "value"
tracks/4/imported = false
tracks/4/enabled = true
tracks/4/path = NodePath("Environment:horizon_color")
tracks/4/interp = 1
tracks/4/loop_wrap = true
tracks/4/keys = {
"times": PackedFloat32Array(0),
"transitions": PackedFloat32Array(1),
"update": 0,
"values": [Color(0.894118, 0.654902, 0.741176, 1)]
}
tracks/5/type = "value"
tracks/5/imported = false
tracks/5/enabled = true
tracks/5/path = NodePath("Spaceship/Accent:light_energy")
tracks/5/interp = 1
tracks/5/loop_wrap = true
tracks/5/keys = {
"times": PackedFloat32Array(0),
"transitions": PackedFloat32Array(1),
"update": 0,
"values": [0.05]
}
tracks/6/type = "value"
tracks/6/imported = false
tracks/6/enabled = true
tracks/6/path = NodePath("Planet:visible")
tracks/6/interp = 1
tracks/6/loop_wrap = true
tracks/6/keys = {
"times": PackedFloat32Array(0),
"transitions": PackedFloat32Array(1),
"update": 0,
"values": [true]
}
tracks/7/type = "value"
tracks/7/imported = false
tracks/7/enabled = true
tracks/7/path = NodePath("Planet:position")
tracks/7/interp = 1
tracks/7/loop_wrap = true
tracks/7/keys = {
"times": PackedFloat32Array(0),
"transitions": PackedFloat32Array(1),
"update": 0,
"values": [Vector3(3.72275, 28.7924, -54.9282)]
}
tracks/8/type = "value"
tracks/8/imported = false
tracks/8/enabled = true
tracks/8/path = NodePath("WorldLight:light_energy")
tracks/8/interp = 1
tracks/8/loop_wrap = true
tracks/8/keys = {
"times": PackedFloat32Array(0),
"transitions": PackedFloat32Array(1),
"update": 0,
"values": [0.2]
}
tracks/9/type = "value"
tracks/9/imported = false
tracks/9/enabled = true
tracks/9/path = NodePath("WorldLight:light_color")
tracks/9/interp = 1
tracks/9/loop_wrap = true
tracks/9/keys = {
"times": PackedFloat32Array(0),
"transitions": PackedFloat32Array(1),
"update": 0,
"values": [Color(1, 1, 1, 1)]
}
tracks/10/type = "value"
tracks/10/imported = false
tracks/10/enabled = true
tracks/10/path = NodePath("Environment/Sky:surface_material_override/0:shader_parameter/stars_scale")
tracks/10/interp = 1
tracks/10/loop_wrap = true
tracks/10/keys = {
"times": PackedFloat32Array(0),
"transitions": PackedFloat32Array(1),
"update": 0,
"values": [2.992]
}
tracks/11/type = "value"
tracks/11/imported = false
tracks/11/enabled = true
tracks/11/path = NodePath("Environment:environment:volumetric_fog_density")
tracks/11/interp = 1
tracks/11/loop_wrap = true
tracks/11/keys = {
"times": PackedFloat32Array(0),
"transitions": PackedFloat32Array(1),
"update": 0,
"values": [0.01]
}
tracks/12/type = "value"
tracks/12/imported = false
tracks/12/enabled = true
tracks/12/path = NodePath("Planet:scale")
tracks/12/interp = 1
tracks/12/loop_wrap = true
tracks/12/keys = {
"times": PackedFloat32Array(0),
"transitions": PackedFloat32Array(1),
"update": 0,
"values": [Vector3(0.25, 0.25, 0.25)]
}
tracks/13/type = "value"
tracks/13/imported = false
tracks/13/enabled = true
tracks/13/path = NodePath("Ground/PlanetStardust:visible")
tracks/13/interp = 1
tracks/13/loop_wrap = true
tracks/13/keys = {
"times": PackedFloat32Array(0),
"transitions": PackedFloat32Array(1),
"update": 1,
"values": [false]
}
tracks/14/type = "value"
tracks/14/imported = false
tracks/14/enabled = true
tracks/14/path = NodePath("Ground/SpaceStation:visible")
tracks/14/interp = 1
tracks/14/loop_wrap = true
tracks/14/keys = {
"times": PackedFloat32Array(0),
"transitions": PackedFloat32Array(1),
"update": 1,
"values": [true]
}
tracks/15/type = "value"
tracks/15/imported = false
tracks/15/enabled = true
tracks/15/path = NodePath("Spaceship:rotation")
tracks/15/interp = 1
tracks/15/loop_wrap = true
tracks/15/keys = {
"times": PackedFloat32Array(0),
"transitions": PackedFloat32Array(1),
"update": 0,
"values": [Vector3(0, 0, 0)]
}
tracks/16/type = "value"
tracks/16/imported = false
tracks/16/enabled = true
tracks/16/path = NodePath("RumbleController:strong_magnitude")
tracks/16/interp = 1
tracks/16/loop_wrap = true
tracks/16/keys = {
"times": PackedFloat32Array(0),
"transitions": PackedFloat32Array(1),
"update": 0,
"values": [0.0]
}
tracks/17/type = "value"
tracks/17/imported = false
tracks/17/enabled = true
tracks/17/path = NodePath("RumbleController:weak_magnitude")
tracks/17/interp = 1
tracks/17/loop_wrap = true
tracks/17/keys = {
"times": PackedFloat32Array(0),
"transitions": PackedFloat32Array(1),
"update": 0,
"values": [0.0]
}

[sub_resource type="AnimationLibrary" id="AnimationLibrary_oeqp5"]
_data = {
"RESET": SubResource("Animation_k5ml7")
}

[sub_resource type="BoxMesh" id="BoxMesh_fo1lf"]
size = Vector3(16, 16, 16)

[sub_resource type="ShaderMaterial" id="ShaderMaterial_85duv"]
render_priority = 0
shader = ExtResource("7_c46vp")
shader_parameter/albedo = Color(0.466667, 0.584314, 0.796078, 1)
shader_parameter/specular = 0.5
shader_parameter/specular_amount = 0.5
shader_parameter/specular_smoothness = 0.05
shader_parameter/wrap = 0.25
shader_parameter/rim = 0.5
shader_parameter/rim_amount = 0.2
shader_parameter/rim_smoothness = 0.05
shader_parameter/metallic = 0.0
shader_parameter/roughness = 1.0
shader_parameter/emission = Color(0, 0, 0, 1)
shader_parameter/emission_energy = 1.0

[sub_resource type="ShaderMaterial" id="ShaderMaterial_6uwuf"]
render_priority = 0
shader = ExtResource("7_c46vp")
shader_parameter/albedo = Color(0.4, 0.733333, 0.521569, 1)
shader_parameter/specular = 0.5
shader_parameter/specular_amount = 0.5
shader_parameter/specular_smoothness = 0.05
shader_parameter/wrap = 0.25
shader_parameter/rim = 0.198
shader_parameter/rim_amount = 0.436
shader_parameter/rim_smoothness = 0.619
shader_parameter/metallic = 0.0
shader_parameter/roughness = 1.0
shader_parameter/emission = Color(0, 0, 0, 1)
shader_parameter/emission_energy = 1.0

[sub_resource type="PrismMesh" id="PrismMesh_ppcw0"]
left_to_right = 0.7
size = Vector3(16, 16, 16)

[sub_resource type="ShaderMaterial" id="ShaderMaterial_mx1rk"]
render_priority = 0
shader = ExtResource("7_c46vp")
shader_parameter/albedo = Color(0.572549, 0.317647, 0.768627, 1)
shader_parameter/specular = 0.5
shader_parameter/specular_amount = 0.5
shader_parameter/specular_smoothness = 0.05
shader_parameter/wrap = 0.25
shader_parameter/rim = 0.5
shader_parameter/rim_amount = 0.2
shader_parameter/rim_smoothness = 0.05
shader_parameter/metallic = 0.0
shader_parameter/roughness = 1.0
shader_parameter/emission = Color(0, 0, 0, 1)
shader_parameter/emission_energy = 1.0

[sub_resource type="PlaneMesh" id="PlaneMesh_mdyc1"]
size = Vector2(500, 500)

[sub_resource type="ShaderMaterial" id="ShaderMaterial_v77p2"]
render_priority = 0
shader = ExtResource("7_c46vp")
shader_parameter/albedo = Color(0.612097, 0.348263, 0.360486, 1)
shader_parameter/specular = 0.5
shader_parameter/specular_amount = 0.5
shader_parameter/specular_smoothness = 0.05
shader_parameter/wrap = 0.25
shader_parameter/rim = 0.5
shader_parameter/rim_amount = 0.2
shader_parameter/rim_smoothness = 0.05
shader_parameter/metallic = 0.0
shader_parameter/roughness = 1.0
shader_parameter/emission = Color(0, 0, 0, 1)
shader_parameter/emission_energy = 1.0

[sub_resource type="SphereMesh" id="3833"]
radius = 4.0
height = 8.0
radial_segments = 32
rings = 16

[sub_resource type="Curve3D" id="Curve3D_w65o5"]
_data = {
"points": PackedVector3Array(18, 3, 73, -18, -3, -73, 65, 3.39002e-06, 1, 11, -30, -15, -11, 30, 15, 4.17927, -6.09146, -41.0783, 8, -4, -6, -8, 4, 6, 6.8255, -0.440375, -22.0504, 0, 0, 0, 0, 0, 0, 15.1835, -0.501707, 22.8956),
"tilts": PackedFloat32Array(0, 0, 0, 0)
}
point_count = 4

[node name="Level" type="Node"]
script = ExtResource("1_58g46")

[node name="StateTree" type="AnimationTree" parent="."]
unique_name_in_owner = true
tree_root = SubResource("AnimationNodeStateMachine_xndii")
anim_player = NodePath("AnimationPlayer")
active = true
parameters/playback = SubResource("AnimationNodeStateMachinePlayback_4dohv")

[node name="AnimationPlayer" type="AnimationPlayer" parent="StateTree"]
root_node = NodePath("../..")
libraries = {
"": SubResource("AnimationLibrary_oeqp5"),
"environment_animations": ExtResource("2_3s2c1")
}

[node name="RumbleController" type="Node" parent="."]
script = ExtResource("2_gas8d")

[node name="Character" parent="." instance=ExtResource("21_35viv")]
transform = Transform3D(-0.705785, 0, 0.708426, 0, 1, 0, -0.708426, 0, -0.705785, -8.50312, 1, -3.69162)
action = "talking"

[node name="Spaceship" parent="." instance=ExtResource("2_ovpdl")]
transform = Transform3D(1, 0, 0, 0, 1, 0, 0, 0, 1, 0, 0.00968003, 0)

[node name="FollowPaths" type="Node3D" parent="."]

[node name="CharacterPath" parent="FollowPaths" instance=ExtResource("8_xybyf")]
unique_name_in_owner = true
visible = false
curve = ExtResource("22_lkuf6")
follow_speed = 4.6

[node name="RemoteTransform" parent="FollowPaths/CharacterPath" index="0"]
transform = Transform3D(-0.705785, 0, 0.708426, 0, 1, 0, -0.708426, 0, -0.705785, -8.50312, 1, -3.69162)
remote_path = NodePath("../../../Character")

[node name="PathFollow" parent="FollowPaths/CharacterPath" index="1"]
transform = Transform3D(0.70699, 0, -0.706989, 0, 0.999798, 0, 0.706989, 0, 0.70699, -8.5, 1, -3.7)

[node name="AlienPath" parent="FollowPaths" instance=ExtResource("8_xybyf")]
unique_name_in_owner = true
visible = false
curve = ExtResource("5_8sic0")
progress_ratio = 1.0

[node name="RemoteTransform" parent="FollowPaths/AlienPath" index="0"]
transform = Transform3D(-0.952003, 0.000760125, 0.306085, -1.45519e-10, 0.999997, -0.00248337, -0.306086, -0.00236418, -0.952001, 0.78405, 1.01247, -4)
remote_path = NodePath("../../../Ground/PlanetStardust/Alien")
update_scale = false

[node name="PathFollow" parent="FollowPaths/AlienPath" index="1"]
transform = Transform3D(0.95278, 0, -0.303157, 0, 0.999828, 0, 0.303157, 0, 0.95278, 0.777695, 1.01744, -4.00001)
progress = 14.8993

[node name="LamaPath" parent="FollowPaths" instance=ExtResource("8_xybyf")]
unique_name_in_owner = true
visible = false
curve = ExtResource("6_4mufo")
progress_ratio = 0.84

[node name="RemoteTransform" parent="FollowPaths/LamaPath" index="0"]
transform = Transform3D(-0.513738, -1.89404e-05, -0.857947, 3.63798e-12, 1, -2.20764e-05, 0.857947, -1.13415e-05, -0.513738, -8.16011, 1.24787, -8.26702)
remote_path = NodePath("../../../Ground/PlanetStardust/Lama")

[node name="PathFollow" parent="FollowPaths/LamaPath" index="1"]
transform = Transform3D(0.513582, 0, 0.857867, 0, 0.999818, 0, -0.857867, 0, 0.513582, -8.16635, 1.24791, -8.27054)
progress = 33.3806

[node name="UfoPath" parent="FollowPaths" instance=ExtResource("8_xybyf")]
unique_name_in_owner = true
curve = ExtResource("7_a8kou")
progress_ratio = 1.0
follow_speed = 6.3
turn_speed = 1.0
max_distance = 4.0

[node name="RemoteTransform" parent="FollowPaths/UfoPath" index="0"]
transform = Transform3D(-0.95035, 0.00611693, -0.311118, 1.3737e-08, 0.999806, 0.0196572, 0.311179, 0.0186813, -0.950164, -2.4046, 4.00071, -9.40878)
remote_path = NodePath("../../../Ground/PlanetStardust/Ufo")

[node name="PathFollow" parent="FollowPaths/UfoPath" index="1"]
transform = Transform3D(0.685428, 0.658491, 0.310303, -0.687991, 0.725256, -0.0193939, -0.237854, -0.200216, 0.950302, -2.4, 4, -9.4)
progress = 43.5159
rotation_mode = 3

[node name="PlayerPath" parent="FollowPaths" instance=ExtResource("8_xybyf")]
unique_name_in_owner = true
visible = false
curve = ExtResource("11_wq0yi")
follow_speed = 1.8
turn_speed = 1.2

[node name="RemoteTransform" parent="FollowPaths/PlayerPath" index="0"]
transform = Transform3D(0.855898, 0.000249258, -0.517143, -2.91038e-10, 0.999999, 0.00048199, 0.517143, -0.000412534, 0.855898, -12.197, 2.39773, -0.176798)
remote_path = NodePath("../../PlayerCamera")
use_global_coordinates = true

[node name="PathFollow" parent="FollowPaths/PlayerPath" index="1"]
transform = Transform3D(-0.857363, 0, 0.514418, 0, 0.999798, 0, -0.514418, 0, -0.857363, -12.1957, 2.39677, -0.166997)

[node name="Ground" type="Node3D" parent="."]
transform = Transform3D(1, 0, 0, 0, 1, 0, 0, 0, 1, 0, 0.038, 0)

[node name="SpaceStation" parent="Ground" instance=ExtResource("6_7tl8n")]

[node name="station_door" parent="Ground/SpaceStation/spacestation" index="12"]
transform = Transform3D(1, 0, 0, 0, 1, 0, 0, 0, 1, -6.75, 4.125, -1.375)

[node name="Computers" type="Node3D" parent="Ground/SpaceStation"]

[node name="Computer_01" parent="Ground/SpaceStation/Computers" instance=ExtResource("14_34eti")]
transform = Transform3D(-4.37114e-08, 0, -1, 0, 1, 0, 1, 0, -4.37114e-08, -7.19084, 0.988599, -2.85662)

[node name="seat" parent="Ground/SpaceStation/Computers/Computer_01" index="2"]
visible = false

[node name="Computer_02" parent="Ground/SpaceStation/Computers" instance=ExtResource("14_34eti")]
transform = Transform3D(-4.37114e-08, 0, -1, 0, 1, 0, 1, 0, -4.37114e-08, -7.19084, 0.988599, -5.25662)

[node name="seat" parent="Ground/SpaceStation/Computers/Computer_02" index="2"]
transform = Transform3D(-0.707107, 0, 0.707107, 0, 1, 0, -0.707107, 0, -0.707107, -0.300001, -5.96046e-08, 1)

[node name="Computer_04" parent="Ground/SpaceStation/Computers" instance=ExtResource("14_34eti")]
transform = Transform3D(1, 0, -1.06581e-14, 0, 1, 0, 1.06581e-14, 0, 1, -8.89084, 0.988599, -7.25662)

[node name="Computer_05" parent="Ground/SpaceStation/Computers" instance=ExtResource("14_34eti")]
transform = Transform3D(1, 0, -1.06581e-14, 0, 1, 0, 1.06581e-14, 0, 1, -11.5908, 0.988599, -7.25662)

[node name="Computer_06" parent="Ground/SpaceStation/Computers" instance=ExtResource("14_34eti")]
transform = Transform3D(1, 0, -1.06581e-14, 0, 1, 0, 1.06581e-14, 0, 1, -14.2908, 0.988599, -7.25662)

[node name="Buildings" type="Node3D" parent="Ground/SpaceStation"]

[node name="MeshInstance3D" type="MeshInstance3D" parent="Ground/SpaceStation/Buildings"]
transform = Transform3D(1, 0, 0, 0, 2.32323, 0, 0, 0, 1, 26.6242, 0, 21.5771)
mesh = SubResource("BoxMesh_fo1lf")
skeleton = NodePath("../..")
surface_material_override/0 = SubResource("ShaderMaterial_85duv")

[node name="MeshInstance3D3" type="MeshInstance3D" parent="Ground/SpaceStation/Buildings"]
transform = Transform3D(1, 0, 0, 0, 1.51698, 0, 0, 0, 3.56057, 26.6242, -10.8923, 21.5771)
mesh = SubResource("BoxMesh_fo1lf")
skeleton = NodePath("../..")
surface_material_override/0 = SubResource("ShaderMaterial_85duv")

[node name="MeshInstance3D4" type="MeshInstance3D" parent="Ground/SpaceStation/Buildings"]
transform = Transform3D(0.115715, 0, 1.27663, 0, 1.91438, 0, -0.911629, 0, 0.162046, 19.2072, -4.95456, -51.6809)
mesh = SubResource("BoxMesh_fo1lf")
skeleton = NodePath("../..")
surface_material_override/0 = SubResource("ShaderMaterial_85duv")

[node name="MeshInstance3D5" type="MeshInstance3D" parent="Ground/SpaceStation/Buildings"]
transform = Transform3D(-0.116136, 0, 1.26849, 0, 1.67592, 0, -0.819915, 0, -0.179675, -14.6257, -6.17549, -39.8133)
mesh = SubResource("BoxMesh_fo1lf")
skeleton = NodePath("../..")
surface_material_override/0 = SubResource("ShaderMaterial_85duv")

[node name="MeshInstance3D7" type="MeshInstance3D" parent="Ground/SpaceStation/Buildings"]
transform = Transform3D(-0.123483, 0, 0.70199, 0, 2.54568, 0, -0.87178, 0, -0.099433, 25.5903, 7.19297, -28.9712)
mesh = SubResource("BoxMesh_fo1lf")
skeleton = NodePath("../..")
surface_material_override/0 = SubResource("ShaderMaterial_85duv")

[node name="MeshInstance3D6" type="MeshInstance3D" parent="Ground/SpaceStation/Buildings"]
transform = Transform3D(-1.91564, 0, 17.0585, 0, 0.750532, 0, -13.5243, 0, -2.41624, -14.6257, -6.17549, -6.46065)
mesh = SubResource("BoxMesh_fo1lf")
skeleton = NodePath("../..")
surface_material_override/0 = SubResource("ShaderMaterial_6uwuf")

[node name="MeshInstance3D2" type="MeshInstance3D" parent="Ground/SpaceStation/Buildings"]
transform = Transform3D(1, 0, 0, 0, 2.32323, 0, 0, 0, 1.55228, 47.1145, 0, -15.575)
mesh = SubResource("BoxMesh_fo1lf")
skeleton = NodePath("../..")
surface_material_override/0 = SubResource("ShaderMaterial_85duv")

[node name="PlanetStardust" type="Node3D" parent="Ground"]
visible = false

[node name="Ufo" parent="Ground/PlanetStardust" instance=ExtResource("15_aphfm")]
transform = Transform3D(-0.95035, 0.00611693, -0.311118, 1.3737e-08, 0.999806, 0.0196572, 0.311179, 0.0186813, -0.950164, -2.4046, 4.00071, -9.40878)

[node name="BeamTransform" parent="Ground/PlanetStardust/Ufo" index="3"]
transform = Transform3D(1, -2.32831e-10, 0, -1.39698e-09, 1, 1.49012e-08, 0, -1.44355e-08, 1, -1.90735e-06, -2.99019, -1.90735e-06)
remote_path = NodePath("../../Lama")

[node name="ufo" parent="Ground/PlanetStardust/Ufo" index="4"]
transform = Transform3D(0.986388, 0.115874, 0.116671, -0.116671, 0.99317, 0, -0.115874, -0.013612, 0.99317, 0, 0, 0)

[node name="beam" parent="Ground/PlanetStardust/Ufo/ufo" index="12"]
transform = Transform3D(0.964768, 0.249972, -0.082139, 0.0679574, 0.0648597, 0.995583, 0.254196, -0.966086, 0.0455869, 0.000375509, -0.629505, -0.0625134)

[node name="Alien" parent="Ground/PlanetStardust" instance=ExtResource("8_bs0lj")]
transform = Transform3D(-0.951976, 0.000759903, 0.306025, -1.45515e-10, 0.999704, -0.00248288, -0.306077, -0.00236349, -0.951812, 0.78405, 1.01247, -4)

[node name="Lama" parent="Ground/PlanetStardust" instance=ExtResource("8_t1ik6")]
transform = Transform3D(-0.95035, 0.00611694, -0.311118, 1.23403e-08, 0.999806, 0.0196572, 0.311179, 0.0186813, -0.950164, -2.42288, 1.01111, -9.46464)

[node name="mountains" type="Node3D" parent="Ground/PlanetStardust"]

[node name="MeshInstance3D" type="MeshInstance3D" parent="Ground/PlanetStardust/mountains"]
transform = Transform3D(1, 0, 0, 0, 1, 0, 0, 0, 1, 0, 7.64582, -54.4001)
mesh = SubResource("PrismMesh_ppcw0")
skeleton = NodePath("../..")
surface_material_override/0 = SubResource("ShaderMaterial_mx1rk")

[node name="MeshInstance3D2" type="MeshInstance3D" parent="Ground/PlanetStardust/mountains"]
transform = Transform3D(1, 0, 0, 0, 1, 0, 0, 0, 1, 16.8558, 2.4856, -54.4001)
mesh = SubResource("PrismMesh_ppcw0")
skeleton = NodePath("../..")
surface_material_override/0 = SubResource("ShaderMaterial_mx1rk")

[node name="MeshInstance3D3" type="MeshInstance3D" parent="Ground/PlanetStardust/mountains"]
transform = Transform3D(-1.63863, 0, -0.618833, 0, 1, 0, 1.29091, 0, -0.785522, -4.72388, 3.68456, -51.363)
mesh = SubResource("PrismMesh_ppcw0")
skeleton = NodePath("../..")
surface_material_override/0 = SubResource("ShaderMaterial_mx1rk")

[node name="MeshInstance3D4" type="MeshInstance3D" parent="Ground/PlanetStardust/mountains"]
transform = Transform3D(-1.63863, 0, -0.618833, 0, 1, 0, 1.29091, 0, -0.785522, -4.72388, -2.25591, -42.822)
mesh = SubResource("PlaneMesh_mdyc1")
skeleton = NodePath("../..")
surface_material_override/0 = SubResource("ShaderMaterial_v77p2")

[node name="MeshInstance3D5" type="MeshInstance3D" parent="Ground/PlanetStardust/mountains"]
transform = Transform3D(-1.41737, 0, 0.159165, 0, 0.566791, 0, -0.248085, 0, -0.909351, 9.44273, 5.58556, -54.8703)
mesh = SubResource("PrismMesh_ppcw0")
skeleton = NodePath("../..")
surface_material_override/0 = SubResource("ShaderMaterial_mx1rk")

[node name="MeshInstance3D6" type="MeshInstance3D" parent="Ground/PlanetStardust/mountains"]
transform = Transform3D(-1.41737, 0, 0.159165, 0, 0.566791, 0, -0.248085, 0, -0.909351, -14.559, 2.6608, -57.7764)
mesh = SubResource("PrismMesh_ppcw0")
skeleton = NodePath("../..")
surface_material_override/0 = SubResource("ShaderMaterial_mx1rk")

[node name="MeshInstance3D7" type="MeshInstance3D" parent="Ground/PlanetStardust/mountains"]
transform = Transform3D(2.55722, 0, 0.574305, 0, 0.566791, 0, -1.37709, 0, 1.06647, 16.9262, 3.34036, -57.0474)
mesh = SubResource("PrismMesh_ppcw0")
skeleton = NodePath("../..")
surface_material_override/0 = SubResource("ShaderMaterial_mx1rk")

[node name="MeshInstance3D8" type="MeshInstance3D" parent="Ground/PlanetStardust/mountains"]
transform = Transform3D(2.55722, 0, 0.574305, 0, 0.566791, 0, -1.37709, 0, 1.06647, 19.0549, -0.0266432, -65.4605)
mesh = SubResource("PlaneMesh_mdyc1")
skeleton = NodePath("../..")
surface_material_override/0 = SubResource("ShaderMaterial_v77p2")

[node name="MeshInstance3D9" type="MeshInstance3D" parent="Ground/PlanetStardust/mountains"]
transform = Transform3D(0.944181, 0, -0.329427, 0, 0.572169, 0, 0.329427, 0, 0.944181, -4.39684, 0.428538, -31.0769)
mesh = SubResource("PrismMesh_ppcw0")
skeleton = NodePath("../..")
surface_material_override/0 = SubResource("ShaderMaterial_mx1rk")

[node name="MeshInstance3D10" type="MeshInstance3D" parent="Ground/PlanetStardust/mountains"]
transform = Transform3D(0.944181, 0, -0.329427, 0, 0.572169, 0, 0.329427, 0, 0.944181, 11.5181, -2.52398, -25.5242)
mesh = SubResource("PrismMesh_ppcw0")
skeleton = NodePath("../..")
surface_material_override/0 = SubResource("ShaderMaterial_mx1rk")

[node name="MeshInstance3D11" type="MeshInstance3D" parent="Ground/PlanetStardust/mountains"]
transform = Transform3D(-1.97242, 0, -0.325519, 0, 0.572169, 0, 0.679044, 0, -0.945536, -9.85752, -1.83797, -29.7656)
mesh = SubResource("PrismMesh_ppcw0")
skeleton = NodePath("../..")
surface_material_override/0 = SubResource("ShaderMaterial_mx1rk")

[node name="MeshInstance3D12" type="MeshInstance3D" parent="Ground/PlanetStardust/mountains"]
transform = Transform3D(-1.97242, 0, -0.325519, 0, 0.572169, 0, 0.679044, 0, -0.945536, -12.6711, -5.23692, -21.7014)
mesh = SubResource("PlaneMesh_mdyc1")
skeleton = NodePath("../..")
surface_material_override/0 = SubResource("ShaderMaterial_v77p2")

[node name="MeshInstance3D13" type="MeshInstance3D" parent="Ground/PlanetStardust/mountains"]
transform = Transform3D(-1.25653, 0, 0.449845, 0, 0.3243, 0, -0.701157, 0, -0.806159, 4.67372, -0.750277, -28.4103)
mesh = SubResource("PrismMesh_ppcw0")
skeleton = NodePath("../..")
surface_material_override/0 = SubResource("ShaderMaterial_mx1rk")

[node name="MeshInstance3D14" type="MeshInstance3D" parent="Ground/PlanetStardust/mountains"]
transform = Transform3D(-1.25653, 0, 0.449845, 0.495793, 0.263712, 0.570041, -0.495793, 0.263712, -0.570041, -10.4309, -0.82374, -27.661)
mesh = SubResource("PrismMesh_ppcw0")
skeleton = NodePath("../..")
surface_material_override/0 = SubResource("ShaderMaterial_mx1rk")

[node name="MeshInstance3D15" type="MeshInstance3D" parent="Ground/PlanetStardust/mountains"]
transform = Transform3D(2.86813, 0, 0.190925, 0, 0.3243, 0, -0.457808, 0, 1.19613, 12.4567, -2.03491, -28.0006)
mesh = SubResource("PrismMesh_ppcw0")
skeleton = NodePath("../..")
surface_material_override/0 = SubResource("ShaderMaterial_mx1rk")

[node name="MeshInstance3D16" type="MeshInstance3D" parent="Ground/PlanetStardust/mountains"]
transform = Transform3D(2.86813, 0, 0.190925, 0, 0.3243, 0, -0.457808, 0, 1.19613, 17.2381, -3.96141, -35.2428)
mesh = SubResource("PlaneMesh_mdyc1")
skeleton = NodePath("../..")
surface_material_override/0 = SubResource("ShaderMaterial_v77p2")

[node name="Planet" type="MeshInstance3D" parent="."]
transform = Transform3D(-0.249969, 0, -0.00392246, 0, 0.25, 0, 0.00392246, 0, -0.249969, 3.72275, 28.7924, -54.9282)
cast_shadow = 0
mesh = SubResource("3833")
skeleton = NodePath("")
surface_material_override/0 = ExtResource("5_nosaa")

[node name="WorldLight" type="DirectionalLight3D" parent="."]
unique_name_in_owner = true
transform = Transform3D(0.741917, -0.638017, 0.206141, 0.107781, 0.416935, 0.902523, -0.661772, -0.647379, 0.378097, 0, 128, 0)
light_energy = 0.2
shadow_enabled = true
shadow_bias = 0.078
shadow_normal_bias = 1.422
shadow_opacity = 0.31
directional_shadow_blend_splits = true
directional_shadow_max_distance = 25.0

[node name="Environment" parent="." instance=ExtResource("18_bvh68")]
horizon_height = 0.038

[node name="Ground" parent="Environment" index="1"]
transform = Transform3D(1, 0, 0, 0, 1, 0, 0, 0, 1, 0, 0.038, 0)

[node name="RemoteTransform" parent="Environment/Ground" index="2"]
remote_path = NodePath("../../../Ground")

[node name="Stars" type="Node3D" parent="."]
transform = Transform3D(0.853862, 0.519279, -0.0356162, -0.51218, 0.826062, -0.235142, -0.092683, 0.219021, 0.971308, 0, 0, 0)
script = ExtResource("13_77t1c")
star1_progress = 0.7

[node name="Paths" type="Node3D" parent="Stars"]
unique_name_in_owner = true

[node name="StarPath3D1" type="Path3D" parent="Stars/Paths"]
transform = Transform3D(-0.996116, 0.0877407, 0.00736374, -0.087794, -0.996112, -0.00728218, 0.00669618, -0.0079004, 0.999946, 0, 0, 0)
visible = false
curve = SubResource("Curve3D_w65o5")

[node name="PathFollow3D" type="PathFollow3D" parent="Stars/Paths/StarPath3D1"]
transform = Transform3D(-0.970815, -0.00954385, -0.239187, 4.65611e-10, 0.9991, -0.0398645, 0.239379, -0.0387056, -0.970036, 65, 3.39002e-06, 1)
loop = false

[node name="RemoteTransform3D" type="RemoteTransform3D" parent="Stars/Paths/StarPath3D1/PathFollow3D"]
remote_path = NodePath("../../../../Star1")

[node name="StarPath3D2" type="Path3D" parent="Stars/Paths"]
transform = Transform3D(-0.765461, -0.643473, 0.00349055, 0.6434, -0.765439, -0.0118569, 0.0103014, -0.00683013, 0.999924, 0, 0, 0)
visible = false
curve = SubResource("Curve3D_w65o5")

[node name="PathFollow3D" type="PathFollow3D" parent="Stars/Paths/StarPath3D2"]
transform = Transform3D(-0.970844, -0.00954408, -0.239197, 4.65625e-10, 0.999124, -0.0398661, 0.239386, -0.0387066, -0.970075, 65, 3.39002e-06, 1)
loop = false

[node name="RemoteTransform3D" type="RemoteTransform3D" parent="Stars/Paths/StarPath3D2/PathFollow3D"]
remote_path = NodePath("../../../../Star2")

[node name="StarPath3D3" type="Path3D" parent="Stars/Paths"]
transform = Transform3D(-2.04891e-08, -1, -7.45058e-09, 1, 2.98023e-08, 1.49012e-08, 0, 7.45058e-09, 1, 0, 0, 0)
visible = false
curve = SubResource("Curve3D_w65o5")

[node name="PathFollow3D" type="PathFollow3D" parent="Stars/Paths/StarPath3D3"]
transform = Transform3D(-0.970844, -0.00954425, -0.239194, 4.65625e-10, 0.999142, -0.0398657, 0.239386, -0.0387073, -0.970065, 65, 3.39002e-06, 1)
loop = false

[node name="RemoteTransform3D" type="RemoteTransform3D" parent="Stars/Paths/StarPath3D3/PathFollow3D"]
remote_path = NodePath("../../../../Star3")

[node name="StarPath3D4" type="Path3D" parent="Stars/Paths"]
transform = Transform3D(0.819152, -0.573577, -7.45058e-09, 0.573577, 0.819152, 1.49012e-08, 0, -2.98023e-08, 1, 0, 0, 0)
visible = false
curve = SubResource("Curve3D_w65o5")

[node name="PathFollow3D" type="PathFollow3D" parent="Stars/Paths/StarPath3D4"]
transform = Transform3D(-0.970847, -0.00954424, -0.239195, 4.65626e-10, 0.999141, -0.0398658, 0.239387, -0.0387072, -0.970068, 65, 3.39002e-06, 1)
loop = false

[node name="RemoteTransform3D" type="RemoteTransform3D" parent="Stars/Paths/StarPath3D4/PathFollow3D"]
remote_path = NodePath("../../../../Star4")

[node name="StarPath3D5" type="Path3D" parent="Stars/Paths"]
transform = Transform3D(0.984808, 0.173648, -7.45058e-09, -0.173648, 0.984808, 1.49012e-08, -1.49012e-08, -5.96046e-08, 1, 0, 0, 0)
visible = false
curve = SubResource("Curve3D_w65o5")

[node name="PathFollow3D" type="PathFollow3D" parent="Stars/Paths/StarPath3D5"]
transform = Transform3D(-0.970768, -0.00954322, -0.239178, 4.65588e-10, 0.999034, -0.039863, 0.239367, -0.0387031, -0.969999, 65, 3.39002e-06, 1)
loop = false

[node name="RemoteTransform3D" type="RemoteTransform3D" parent="Stars/Paths/StarPath3D5/PathFollow3D"]
remote_path = NodePath("../../../../Star5")

[node name="Star1" parent="Stars" instance=ExtResource("14_otpjb")]
transform = Transform3D(0.968807, 0.0968835, 0.227617, 0.0834885, -0.994096, 0.0677726, 0.232865, -0.0466607, -0.97127, -64.7402, -5.71389, 1.4352)
color = Color(0.941176, 0.901961, 0.54902, 1)
rotation_speed = 0.239

[node name="StarLight" parent="Stars/Star1" index="1"]
light_color = Color(0.862745, 0, 0, 1)
light_energy = 0.327

[node name="Star2" parent="Stars" instance=ExtResource("14_otpjb")]
transform = Transform3D(0.743979, -0.635739, 0.205362, -0.627479, -0.77045, -0.111882, 0.229367, -0.0456261, -0.972193, -49.7515, 41.8091, 1.66951)
color = Color(0.941176, 0.901961, 0.54902, 1)
rotation_speed = 0.341

[node name="StarLight" parent="Stars/Star2" index="1"]
light_color = Color(0.694118, 0.517647, 0, 1)
light_energy = 0.327

[node name="Star3" parent="Stars" instance=ExtResource("14_otpjb")]
transform = Transform3D(-2.87546e-08, -0.999142, 0.0398657, -0.970844, -0.00954424, -0.239194, 0.239386, -0.0387072, -0.970065, -5.60284e-06, 65, 0.999999)
color = Color(0.941176, 0.901961, 0.54902, 1)
rotation_speed = 0.366

[node name="StarLight" parent="Stars/Star3" index="1"]
light_color = Color(0, 0.560784, 0.266667, 1)
light_energy = 0.327

[node name="Star4" parent="Stars" instance=ExtResource("14_otpjb")]
transform = Transform3D(-0.795271, -0.580902, -0.173071, -0.556856, 0.812974, -0.169853, 0.239387, -0.0387072, -0.970068, 53.2449, 37.2825, 1)
color = Color(0.941176, 0.901961, 0.54902, 1)
rotation_speed = 0.37

[node name="StarLight" parent="Stars/Star4" index="1"]
light_color = Color(0, 0.419608, 0.831373, 1)
light_energy = 0.327

[node name="Star5" parent="Stars" instance=ExtResource("14_otpjb")]
transform = Transform3D(-0.95602, 0.164082, -0.242466, 0.168572, 0.985514, 0.00227533, 0.239367, -0.0387031, -0.969999, 64.0125, -11.2871, 0.999999)
color = Color(0.6, 0, 0.407843, 1)
rotation_speed = 0.285

[node name="StarLight" parent="Stars/Star5" index="1"]
light_color = Color(0.6, 0, 0.407843, 1)
light_energy = 0.327

[editable path="FollowPaths/CharacterPath"]
[editable path="FollowPaths/AlienPath"]
[editable path="FollowPaths/LamaPath"]
[editable path="FollowPaths/UfoPath"]
[editable path="FollowPaths/PlayerPath"]
[editable path="Ground/SpaceStation"]
[editable path="Ground/SpaceStation/Computers/Computer_01"]
[editable path="Ground/SpaceStation/Computers/Computer_01/starmap"]
[editable path="Ground/SpaceStation/Computers/Computer_02"]
[editable path="Ground/SpaceStation/Computers/Computer_02/starmap"]
[editable path="Ground/PlanetStardust/Ufo"]
[editable path="Environment"]
[editable path="Stars/Star1"]
[editable path="Stars/Star2"]
[editable path="Stars/Star3"]
[editable path="Stars/Star4"]
[editable path="Stars/Star5"]
