[gd_scene load_steps=31 format=3 uid="uid://uk3s0fjb5pmh"]

[ext_resource type="Script" path="res://level/level.gd" id="1_58g46"]
[ext_resource type="Script" path="res://level/rumble_controller.gd" id="2_gas8d"]
[ext_resource type="PackedScene" uid="uid://wa41njrapfpn" path="res://level/spaceship/spaceship.tscn" id="2_ovpdl"]
[ext_resource type="AudioStream" uid="uid://dggjv0j620k8s" path="res://audio/effects/warp_02.wav" id="5_5i6jv"]
[ext_resource type="Curve3D" uid="uid://cy536xdmk2g4n" path="res://characters/alien/alien_path.tres" id="5_8sic0"]
[ext_resource type="Curve3D" uid="uid://2tegcoe2filo" path="res://characters/lama/lama_path.tres" id="6_4mufo"]
[ext_resource type="PackedScene" uid="uid://dt1vpkmuodkmu" path="res://level/spacestation/spacestation.gltf" id="6_7tl8n"]
[ext_resource type="Curve3D" uid="uid://u7jxw4tklqvw" path="res://characters/alien/ufo_path.tres" id="7_a8kou"]
[ext_resource type="Shader" path="res://shaders/toon.gdshader" id="7_c46vp"]
[ext_resource type="PackedScene" uid="uid://bq23ckwovuhf4" path="res://characters/alien/alien.tscn" id="8_bs0lj"]
[ext_resource type="PackedScene" uid="uid://322sh12iustv" path="res://characters/lama/lama.tscn" id="8_t1ik6"]
[ext_resource type="PackedScene" uid="uid://bi2ttsoa7h87g" path="res://components/remote_follow_path.tscn" id="8_xybyf"]
[ext_resource type="Curve3D" uid="uid://bnnm33024rtvp" path="res://characters/player/player_position_path.tres" id="11_wq0yi"]
[ext_resource type="PackedScene" uid="uid://vain2gp1dm54" path="res://level/spacestation/computer.tscn" id="14_34eti"]
[ext_resource type="PackedScene" uid="uid://bbugqyxo4xw7n" path="res://characters/alien/ufo.tscn" id="16_8d17p"]
[ext_resource type="Material" uid="uid://dn4hhy54yg5ai" path="res://level/environment/materials/ground_material.tres" id="17_lp2h6"]
[ext_resource type="PackedScene" uid="uid://bshyrsivebdd0" path="res://level/environment/mountains.tscn" id="17_thg0y"]
[ext_resource type="PackedScene" uid="uid://ce5kwqern427b" path="res://level/environment/environment.tscn" id="18_bvh68"]
[ext_resource type="PackedScene" uid="uid://cq3x5n33r2d8c" path="res://characters/character/character.tscn" id="21_35viv"]
[ext_resource type="Curve3D" uid="uid://h5hat0hxq5pn" path="res://characters/character/character_path.tres" id="22_lkuf6"]
[ext_resource type="Shader" path="res://level/environment/materials/planet_material.gdshader" id="22_tcbgy"]

[sub_resource type="BoxMesh" id="BoxMesh_fo1lf"]
size = Vector3(16, 16, 16)

[sub_resource type="ShaderMaterial" id="ShaderMaterial_85duv"]
render_priority = 0
shader = ExtResource("7_c46vp")
shader_parameter/albedo = Color(0.466667, 0.584314, 0.796078, 1)
shader_parameter/specular = 0.5
shader_parameter/specular_amount = 0.5
shader_parameter/specular_smoothness = 0.05
shader_parameter/wrap = 0.25
shader_parameter/rim = 0.5
shader_parameter/rim_amount = 0.2
shader_parameter/rim_smoothness = 0.05
shader_parameter/metallic = 0.0
shader_parameter/roughness = 1.0
shader_parameter/emission_tint = Color(0, 0, 0, 1)
shader_parameter/emission_energy = 1.0

[sub_resource type="BoxMesh" id="BoxMesh_rna5n"]
size = Vector3(16, 16, 16)

[sub_resource type="Gradient" id="Gradient_l168m"]
offsets = PackedFloat32Array(0.0753968, 0.361111, 0.623016, 1)
colors = PackedColorArray(0.466667, 0.584314, 0.796078, 1, 0.290196, 0.168627, 0.403922, 1, 0.164706, 0.172549, 0.301961, 1, 0.113725, 0.113725, 0.266667, 1)

[sub_resource type="FastNoiseLite" id="FastNoiseLite_kuh6x"]
noise_type = 3
frequency = 0.0055
fractal_octaves = 9
fractal_lacunarity = 2.592
fractal_gain = 0.338
fractal_weighted_strength = 1.0
domain_warp_enabled = true
domain_warp_type = 1
domain_warp_amplitude = 51.022
domain_warp_frequency = -0.008
domain_warp_fractal_lacunarity = 2.973

[sub_resource type="NoiseTexture2D" id="NoiseTexture2D_e8406"]
width = 1024
height = 1024
in_3d_space = true
seamless = true
seamless_blend_skirt = 0.582
noise = SubResource("FastNoiseLite_kuh6x")

[sub_resource type="Gradient" id="Gradient_md7p6"]
interpolation_mode = 2
offsets = PackedFloat32Array(0.246212, 0.405303, 0.575758, 0.643939, 0.720779, 0.847403, 0.883117, 0.899351, 0.957792)
colors = PackedColorArray(0.241235, 0.181639, 0.637774, 1, 0.265675, 0.328805, 0.670102, 1, 0.358184, 0.457245, 0.795857, 1, 0.55206, 0.609156, 0.918864, 1, 0.62316, 0.499455, 0.70292, 1, 0.624484, 0.462869, 0.723787, 1, 0.623842, 0.427904, 0.857562, 1, 0.661754, 0.516994, 0.900451, 1, 0.816009, 0.638485, 0.92737, 1)

[sub_resource type="GradientTexture1D" id="GradientTexture1D_astb8"]
gradient = SubResource("Gradient_md7p6")

[sub_resource type="ShaderMaterial" id="ShaderMaterial_ireag"]
resource_local_to_scene = true
render_priority = 0
shader = ExtResource("22_tcbgy")
shader_parameter/specular = 0.5
shader_parameter/specular_amount = 0.5
shader_parameter/specular_smoothness = 0.05
shader_parameter/wrap = 0.171
shader_parameter/rim = 0.727
shader_parameter/rim_amount = 0.651
shader_parameter/rim_smoothness = 1.0
shader_parameter/metallic = 0.0
shader_parameter/roughness = 0.608
shader_parameter/emission_energy = 0.302
shader_parameter/albedo_texture = SubResource("NoiseTexture2D_e8406")
shader_parameter/color_gradient = SubResource("GradientTexture1D_astb8")

[node name="Level" type="Node"]
script = ExtResource("1_58g46")

[node name="RumbleController" type="Node" parent="."]
script = ExtResource("2_gas8d")

[node name="Character" parent="." instance=ExtResource("21_35viv")]
transform = Transform3D(-0.990354, 1.04315e-05, -0.138532, -5.91169e-12, 1, 7.52996e-05, 0.138532, 7.45738e-05, -0.990355, -13.2931, 1.00015, -3.19279)

[node name="Spaceship" parent="." instance=ExtResource("2_ovpdl")]
unique_name_in_owner = true
transform = Transform3D(1, 0, 0, 0, 1, 0, 0, 0, 1, 0, 0.00968003, 0)
screen_state = "playing"
door_state = "open"
progress_bar = 1.0

[node name="SpaceshipAudio" type="AudioStreamPlayer3D" parent="Spaceship"]
stream = ExtResource("5_5i6jv")
volume_db = -43.307
max_db = 1.73
bus = &"Effects"

[node name="FollowPaths" type="Node3D" parent="."]

[node name="CharacterPath" parent="FollowPaths" instance=ExtResource("8_xybyf")]
unique_name_in_owner = true
visible = false
curve = ExtResource("22_lkuf6")

[node name="RemoteTransform" parent="FollowPaths/CharacterPath" index="0"]
transform = Transform3D(-0.990354, 1.04315e-05, -0.138532, -5.91169e-12, 1, 7.52996e-05, 0.138532, 7.45738e-05, -0.990355, -13.2931, 1.00015, -3.19279)
remote_path = NodePath("../../../Character")

[node name="PathFollow" parent="FollowPaths/CharacterPath" index="1"]
transform = Transform3D(-0.989782, 0, -0.141398, 0, 0.999798, 0, 0.141398, 0, -0.989782, -13.3, 1, -3.2)

[node name="AlienPath" parent="FollowPaths" instance=ExtResource("8_xybyf")]
unique_name_in_owner = true
curve = ExtResource("5_8sic0")
progress_ratio = 1.0

[node name="RemoteTransform" parent="FollowPaths/AlienPath" index="0"]
transform = Transform3D(-0.963973, 0.000852317, 0.265983, 5.82074e-11, 0.999995, -0.00320438, -0.265983, -0.00308896, -0.963972, 0.995202, 1.29361, -4.19556)
remote_path = NodePath("../../../Ground/PlanetStardust/Alien")
update_scale = false

[node name="PathFollow" parent="FollowPaths/AlienPath" index="1"]
transform = Transform3D(-0.96337, 0, 0.267603, 0, 0.999828, 0, -0.267603, 0, -0.96337, 1, 1.3, -4.2)
progress = 14.8993

[node name="LamaPath" parent="FollowPaths" instance=ExtResource("8_xybyf")]
unique_name_in_owner = true
curve = ExtResource("6_4mufo")
progress_ratio = 0.85

[node name="RemoteTransform" parent="FollowPaths/LamaPath" index="0"]
transform = Transform3D(-0.829457, 9.3515e-05, -0.558573, -3.16504e-10, 1, 0.000167419, 0.558571, 0.000138867, -0.829459, -4.69336, 1.70155, -10.3192)
remote_path = NodePath("../../../Ground/PlanetStardust/LamaLost")

[node name="BeamTransform3D" type="RemoteTransform3D" parent="FollowPaths/LamaPath/RemoteTransform/Marker3D" index="0"]
transform = Transform3D(0.981791, 0.0112597, 0.189628, -0.000474675, 0.998384, -0.0568209, -0.189961, 0.0556996, 0.98021, 0, 0, 0)
remote_path = NodePath("../../../../../Ground/PlanetStardust/Ufo/BeamTransformTarget")

[node name="PathFollow" parent="FollowPaths/LamaPath" index="1"]
transform = Transform3D(-0.829347, 0, -0.558481, 0, 0.999818, 0, 0.558481, 0, -0.829347, -4.69748, 1.70122, -10.3254)
progress = 38.9669

[node name="UfoPath" parent="FollowPaths" instance=ExtResource("8_xybyf")]
unique_name_in_owner = true
curve = ExtResource("7_a8kou")
progress_ratio = 0.85

[node name="RemoteTransform" parent="FollowPaths/UfoPath" index="0"]
transform = Transform3D(-0.813832, 0.107235, -0.57112, 4.09781e-08, 0.982823, 0.18454, 0.581098, 0.150184, -0.799858, -4.70804, 4.8628, -10.8321)
remote_path = NodePath("../../../Ground/PlanetStardust/Ufo")

[node name="PathFollow" parent="FollowPaths/UfoPath" index="1"]
transform = Transform3D(-0.81839, 0.024033, -0.573938, -0.100701, 0.977489, 0.184525, 0.565547, 0.208829, -0.797676, -4.71558, 4.86339, -10.8304)
progress = 38.6353
rotation_mode = 3

[node name="PlayerPath" parent="FollowPaths" instance=ExtResource("8_xybyf")]
unique_name_in_owner = true
curve = ExtResource("11_wq0yi")
progress_ratio = 0.65
pivot = -0.05
tilt = 0.35

[node name="RemoteTransform" parent="FollowPaths/PlayerPath" index="0"]
transform = Transform3D(0.129965, 0.121242, -0.984076, -2.27242e-07, 0.992492, 0.12228, 0.991516, -0.0158919, 0.12899, -3.55796, 2.53982, 0.881772)
remote_path = NodePath("../../../PlayerCamera")
use_global_coordinates = true

[node name="PathFollow" parent="FollowPaths/PlayerPath" index="1"]
transform = Transform3D(-0.0274728, 0, -0.999458, 0, 0.999798, 0, 0.999458, 0, -0.0274728, -3.56732, 2.54012, 0.881523)
progress = 10.8334

[node name="LookTargetPivot" parent="FollowPaths/PlayerPath/PathFollow" index="1"]
transform = Transform3D(0.987688, 0, 0.156434, 0, 1, 0, -0.156434, 0, 0.987688, 0, 0, 0)

[node name="LookTargetTilt" parent="FollowPaths/PlayerPath/PathFollow/LookTargetPivot" index="0"]
transform = Transform3D(1, 0, 0, 0, 0.992545, 0.121869, 0, -0.121869, 0.992545, 0, 0, 0)

[node name="Ground" type="Node3D" parent="."]
transform = Transform3D(1, 0, 0, 0, 1, 0, 0, 0, 1, 0, -128, 0)

[node name="Station" type="Node3D" parent="Ground"]
unique_name_in_owner = true
visible = false

[node name="LamaRescued" parent="Ground/Station" instance=ExtResource("8_t1ik6")]
unique_name_in_owner = true
transform = Transform3D(0.970733, 7.67017e-06, 0.24016, 9.28026e-12, 1, -3.19377e-05, -0.24016, 3.1003e-05, 0.970733, -9.14576, 1.01752, 0.497959)

[node name="spacestation" parent="Ground/Station" instance=ExtResource("6_7tl8n")]

[node name="Buildings" type="Node3D" parent="Ground/Station"]

[node name="MeshInstance3D" type="MeshInstance3D" parent="Ground/Station/Buildings"]
transform = Transform3D(1, 0, 0, 0, 2.32323, 0, 0, 0, 1, 26.6242, 0, 21.5771)
mesh = SubResource("BoxMesh_fo1lf")
skeleton = NodePath("")
surface_material_override/0 = SubResource("ShaderMaterial_85duv")

[node name="MeshInstance3D3" type="MeshInstance3D" parent="Ground/Station/Buildings"]
transform = Transform3D(1, 0, 0, 0, 1.51698, 0, 0, 0, 3.56057, 26.6242, -10.8923, 21.5771)
mesh = SubResource("BoxMesh_fo1lf")
skeleton = NodePath("")
surface_material_override/0 = SubResource("ShaderMaterial_85duv")

[node name="MeshInstance3D4" type="MeshInstance3D" parent="Ground/Station/Buildings"]
transform = Transform3D(0.115715, 0, 1.27663, 0, 1.91438, 0, -0.911629, 0, 0.162046, 19.2072, -4.95456, -51.6809)
mesh = SubResource("BoxMesh_fo1lf")
skeleton = NodePath("")
surface_material_override/0 = SubResource("ShaderMaterial_85duv")

[node name="MeshInstance3D5" type="MeshInstance3D" parent="Ground/Station/Buildings"]
transform = Transform3D(-0.116136, 0, 1.26849, 0, 1.67592, 0, -0.819915, 0, -0.179675, -14.6257, -6.17549, -39.8133)
mesh = SubResource("BoxMesh_fo1lf")
skeleton = NodePath("")
surface_material_override/0 = SubResource("ShaderMaterial_85duv")

[node name="MeshInstance3D7" type="MeshInstance3D" parent="Ground/Station/Buildings"]
transform = Transform3D(-0.123483, 0, 0.70199, 0, 2.54568, 0, -0.87178, 0, -0.099433, 25.5903, 7.19297, -28.9712)
mesh = SubResource("BoxMesh_fo1lf")
skeleton = NodePath("")
surface_material_override/0 = SubResource("ShaderMaterial_85duv")

[node name="MeshInstance3D2" type="MeshInstance3D" parent="Ground/Station/Buildings"]
transform = Transform3D(1, 0, 0, 0, 2.32323, 0, 0, 0, 1.55228, 47.1145, 0, -15.575)
mesh = SubResource("BoxMesh_fo1lf")
skeleton = NodePath("")
surface_material_override/0 = SubResource("ShaderMaterial_85duv")

[node name="Computers" type="Node3D" parent="Ground/Station"]

[node name="Computer_01" parent="Ground/Station/Computers" instance=ExtResource("14_34eti")]
transform = Transform3D(-4.37114e-08, 0, -1, 0, 1, 0, 1, 0, -4.37114e-08, -7.19084, 0.988599, -2.85662)

[node name="seat" parent="Ground/Station/Computers/Computer_01" index="2"]
visible = false

[node name="Computer_02" parent="Ground/Station/Computers" instance=ExtResource("14_34eti")]
transform = Transform3D(-4.37114e-08, 0, -1, 0, 1, 0, 1, 0, -4.37114e-08, -7.19084, 0.988599, -5.25662)

[node name="Computer_03" parent="Ground/Station/Computers" instance=ExtResource("14_34eti")]
transform = Transform3D(1, 0, -1.06581e-14, 0, 1, 0, 1.06581e-14, 0, 1, -11.7908, 0.988599, -7.05662)

[node name="seat" parent="Ground/Station/Computers/Computer_03" index="2"]
transform = Transform3D(-0.965845, 0, -0.259123, 0, 1, 0, 0.259123, 0, -0.965845, 0.100632, 0, 0.65753)

[node name="Computer_04" parent="Ground/Station/Computers" instance=ExtResource("14_34eti")]
transform = Transform3D(1, 0, -1.06581e-14, 0, 1, 0, 1.06581e-14, 0, 1, -9.3908, 0.988599, -7.05662)

[node name="seat" parent="Ground/Station/Computers/Computer_04" index="2"]
transform = Transform3D(-0.96621, 0, 0.257757, 0, 1, 0, -0.257757, 0, -0.96621, -0.0919847, 0, 0.862749)

[node name="Computer_05" parent="Ground/Station/Computers" instance=ExtResource("14_34eti")]
transform = Transform3D(1, 0, -1.06581e-14, 0, 1, 0, 1.06581e-14, 0, 1, -14.1908, 0.988599, -7.05662)

[node name="seat" parent="Ground/Station/Computers/Computer_05" index="2"]
transform = Transform3D(-0.886737, 0, 0.462275, 0, 1, 0, -0.462275, 0, -0.886737, -0.400001, 0, 0.800002)

[node name="GroundMesh" type="MeshInstance3D" parent="Ground/Station"]
unique_name_in_owner = true
transform = Transform3D(13.6593, 0, 0, 0, 0.750532, 0, 0, 0, 17.2288, 0, -6.8, 0)
mesh = SubResource("BoxMesh_rna5n")
skeleton = NodePath("")
surface_material_override/0 = ExtResource("17_lp2h6")

[node name="PlanetStardust" type="Node3D" parent="Ground"]
unique_name_in_owner = true

[node name="LamaLost" parent="Ground/PlanetStardust" instance=ExtResource("8_t1ik6")]
unique_name_in_owner = true
transform = Transform3D(-0.829457, 9.3515e-05, -0.558573, -3.16504e-10, 1, 0.000167419, 0.558571, 0.000138867, -0.829459, -4.69336, 1.70155, -10.3192)

[node name="BeamTargetTransform" type="RemoteTransform3D" parent="Ground/PlanetStardust/LamaLost"]
remote_path = NodePath("../../Ufo/BeamLookTarget")

[node name="Ufo" parent="Ground/PlanetStardust" instance=ExtResource("16_8d17p")]
transform = Transform3D(-0.813832, 0.107235, -0.57112, 4.09781e-08, 0.982823, 0.18454, 0.581098, 0.150184, -0.799858, -4.70804, 4.8628, -10.8321)

[node name="Alien" parent="Ground/PlanetStardust" instance=ExtResource("8_bs0lj")]
transform = Transform3D(-0.963946, 0.000852066, 0.26593, 5.82058e-11, 0.999701, -0.00320375, -0.265976, -0.00308805, -0.96378, 0.995202, 1.29361, -4.19556)

[node name="mountains" parent="Ground/PlanetStardust" instance=ExtResource("17_thg0y")]

[node name="Environment" parent="." instance=ExtResource("18_bvh68")]
sky_gradient = SubResource("Gradient_l168m")
ground_color = Color(0.207843, 0.596078, 0.615686, 1)
fog_color = Color(0.478431, 0.545098, 0.807843, 1)
horizon_color = Color(0, 0, 0, 1)
planet_distance = 0.556
stars_angle = 0.59
stars_distance = -0.25

[node name="RemoteTransform" parent="Environment/Ground" index="2"]
remote_path = NodePath("../../../Ground")

[node name="PlanetPivot" parent="Environment" index="2"]
transform = Transform3D(1, 0, 0, 0, 0.944297, -0.329094, 0, 0.329094, 0.944297, 0, 0, 0)

[node name="Planet" parent="Environment/PlanetPivot" index="0"]
transform = Transform3D(-0.873518, -0.00752766, -0.0215997, 0, 0.825143, -0.287568, 0.0228739, -0.28747, -0.82486, 0, 0, -33.1522)
surface_material_override/0 = SubResource("ShaderMaterial_ireag")

[node name="Stars" parent="Environment" index="4"]
transform = Transform3D(0.860914, 0.507904, -0.0293042, -0.421399, 0.679646, -0.600421, -0.285039, 0.52926, 0.799148, 0, 0, 32)

[node name="PlayerCamera" type="Camera3D" parent="."]
unique_name_in_owner = true
transform = Transform3D(0.129965, 0.121242, -0.984076, -2.27242e-07, 0.992492, 0.12228, 0.991516, -0.0158919, 0.12899, -3.55796, 2.53982, 0.881772)
current = true
fov = 65.5

[editable path="FollowPaths/CharacterPath"]
[editable path="FollowPaths/AlienPath"]
[editable path="FollowPaths/LamaPath"]
[editable path="FollowPaths/UfoPath"]
[editable path="FollowPaths/PlayerPath"]
[editable path="Ground/Station/Computers/Computer_01"]
[editable path="Ground/Station/Computers/Computer_03"]
[editable path="Ground/Station/Computers/Computer_04"]
[editable path="Ground/Station/Computers/Computer_05"]
[editable path="Environment"]
