[gd_scene load_steps=31 format=3 uid="uid://uk3s0fjb5pmh"]

[ext_resource type="Script" uid="uid://07l4gge0a4tv" path="res://level/level.gd" id="1_58g46"]
[ext_resource type="Script" uid="uid://cywt3p7cb8t72" path="res://level/rumble_controller.gd" id="2_gas8d"]
[ext_resource type="PackedScene" uid="uid://wa41njrapfpn" path="res://level/spaceship/spaceship.tscn" id="4_m1888"]
[ext_resource type="Curve3D" uid="uid://cy536xdmk2g4n" path="res://characters/alien/alien_path.tres" id="5_8sic0"]
[ext_resource type="AudioStream" uid="uid://b1o2jy7u1jcmq" path="res://audio/effects/engine_launch.wav" id="5_u5bfa"]
[ext_resource type="Curve3D" uid="uid://2tegcoe2filo" path="res://characters/lama/lama_path.tres" id="6_4mufo"]
[ext_resource type="PackedScene" uid="uid://dt1vpkmuodkmu" path="res://level/spacestation/spacestation.gltf" id="6_7tl8n"]
[ext_resource type="Curve3D" uid="uid://u7jxw4tklqvw" path="res://characters/alien/ufo_path.tres" id="7_a8kou"]
[ext_resource type="PackedScene" uid="uid://bq23ckwovuhf4" path="res://characters/alien/alien.tscn" id="8_bs0lj"]
[ext_resource type="PackedScene" uid="uid://322sh12iustv" path="res://characters/lama/lama.tscn" id="8_t1ik6"]
[ext_resource type="PackedScene" uid="uid://bi2ttsoa7h87g" path="res://components/remote_follow_path.tscn" id="8_xybyf"]
[ext_resource type="Curve3D" uid="uid://bnnm33024rtvp" path="res://characters/player/player_position_path.tres" id="11_wq0yi"]
[ext_resource type="Material" uid="uid://6dq6kic3gvsx" path="res://level/environment/materials/skybox_buildings_material.tres" id="14_pvrip"]
[ext_resource type="PackedScene" uid="uid://vain2gp1dm54" path="res://level/spacestation/computer.tscn" id="15_i4dky"]
[ext_resource type="PackedScene" uid="uid://bbugqyxo4xw7n" path="res://characters/alien/ufo.tscn" id="16_8d17p"]
[ext_resource type="Material" uid="uid://dn4hhy54yg5ai" path="res://level/environment/materials/ground_material.tres" id="17_lp2h6"]
[ext_resource type="PackedScene" uid="uid://bshyrsivebdd0" path="res://level/environment/mountains.tscn" id="17_thg0y"]
[ext_resource type="PackedScene" uid="uid://ct2ovjplykl3f" path="res://level/spacestation/plant.gltf" id="18_2l71j"]
[ext_resource type="PackedScene" uid="uid://ce5kwqern427b" path="res://level/environment/environment.tscn" id="18_bvh68"]
[ext_resource type="PackedScene" uid="uid://cpxathmv41ix2" path="res://level/spacestation/lucky_portrait.gltf" id="18_mpwct"]
[ext_resource type="PackedScene" uid="uid://cq3x5n33r2d8c" path="res://characters/character/character.tscn" id="21_35viv"]
[ext_resource type="Curve3D" uid="uid://h5hat0hxq5pn" path="res://characters/character/character_path.tres" id="22_lkuf6"]
[ext_resource type="Shader" uid="uid://ccacm1aksiry5" path="res://level/environment/materials/planet_material.gdshader" id="23_6owh6"]
[ext_resource type="Texture2D" uid="uid://dqgsqxcipwrpe" path="res://level/environment/materials/planet_albedo_noise_texture.tres" id="24_fduju"]
[ext_resource type="PackedScene" uid="uid://cet328nbipwq7" path="res://ui/award/award.tscn" id="24_l10sx"]
[ext_resource type="Texture2D" uid="uid://kxxocn8ynybw" path="res://level/environment/gradients/planet_color_gradient.tres" id="25_35xdx"]

[sub_resource type="BoxMesh" id="BoxMesh_fo1lf"]
size = Vector3(16, 16, 16)

[sub_resource type="BoxMesh" id="BoxMesh_rna5n"]
size = Vector3(16, 16, 16)

[sub_resource type="Gradient" id="Gradient_l168m"]
offsets = PackedFloat32Array(0.0753968, 0.326437, 0.583908, 0.857471)
colors = PackedColorArray(0.414336, 0.554537, 0.918469, 1, 0.479024, 0.173054, 0.646815, 1, 0.144682, 0.140044, 0.411987, 1, 0.084332, 0.0918675, 0.250536, 1)

[sub_resource type="ShaderMaterial" id="ShaderMaterial_oahcp"]
resource_local_to_scene = true
render_priority = 0
shader = ExtResource("23_6owh6")
shader_parameter/albedo_texture = ExtResource("24_fduju")
shader_parameter/color_gradient = ExtResource("25_35xdx")
shader_parameter/specular = 0.5
shader_parameter/specular_amount = 0.5
shader_parameter/specular_smoothness = 0.05
shader_parameter/wrap = 0.25
shader_parameter/rim = 0.5
shader_parameter/rim_amount = 0.2
shader_parameter/rim_smoothness = 0.05
shader_parameter/metallic = 0.0
shader_parameter/roughness = 1.0
shader_parameter/emission_energy = 0.266

[node name="Level" type="Node"]
script = ExtResource("1_58g46")
journey_progress = 0.85025

[node name="RumbleController" type="Node" parent="."]
script = ExtResource("2_gas8d")

[node name="Character" parent="." instance=ExtResource("21_35viv")]
transform = Transform3D(-0.0421981, -0.139323, 0.989349, 1.1921e-07, 0.990228, 0.139448, -0.999111, 0.00588453, -0.0417858, -8.37998, 1.09997, -2.46076)

[node name="LamaRescued" parent="." instance=ExtResource("8_t1ik6")]
unique_name_in_owner = true
transform = Transform3D(-0.871847, -1.56424e-05, -0.489778, 8.66931e-12, 1, -3.19377e-05, 0.489778, -2.78448e-05, -0.871847, -10.2587, 1.10666, -3.98401)

[node name="Spaceship" parent="." instance=ExtResource("4_m1888")]
unique_name_in_owner = true
transform = Transform3D(1, 0.000352512, -4.56015e-05, -0.000352567, 0.999998, -0.00120873, 4.51754e-05, 0.00120875, 1, 0, 0, 0)
steering_motion = 0.3
flying_motion = 0.4
progress_bar = 0.85025

[node name="SpaceshipAudio" type="AudioStreamPlayer3D" parent="Spaceship"]
unique_name_in_owner = true
transform = Transform3D(1, 0, 0, 0, 1, 0, 0, 0, 1, 0, 0.856361, -2.62263)
stream = ExtResource("5_u5bfa")
volume_db = -22.22
bus = &"Effects"

[node name="FollowPaths" type="Node3D" parent="."]

[node name="CharacterPath" parent="FollowPaths" instance=ExtResource("8_xybyf")]
unique_name_in_owner = true
visible = false
curve = ExtResource("22_lkuf6")
progress_ratio = 0.325
pivot = 0.54
tilt = 0.4

[node name="RemoteTransform" parent="FollowPaths/CharacterPath" index="0"]
transform = Transform3D(-0.0421981, -0.139323, 0.989349, 1.1921e-07, 0.990228, 0.139448, -0.999111, 0.00588453, -0.0417858, -8.37998, 1.09997, -2.46076)
remote_path = NodePath("../../../Character")

[node name="PathFollow" parent="FollowPaths/CharacterPath" index="1"]
transform = Transform3D(-0.986499, 0, -0.162765, 0, 0.999798, 0, 0.162765, 0, -0.986499, -8.37537, 1.1, -2.45232)
progress = 5.59346

[node name="LookTargetPivot" parent="FollowPaths/CharacterPath/PathFollow" index="1"]
transform = Transform3D(-0.125333, 0, -0.992115, 0, 1, 0, 0.992115, 0, -0.125333, 0, 0, 0)

[node name="LookTargetTilt" parent="FollowPaths/CharacterPath/PathFollow/LookTargetPivot" index="0"]
transform = Transform3D(1, 0, 0, 0, 0.990268, 0.139173, 0, -0.139173, 0.990268, 0, 0, 0)

[node name="AlienPath" parent="FollowPaths" instance=ExtResource("8_xybyf")]
unique_name_in_owner = true
curve = ExtResource("5_8sic0")
progress_ratio = 1.0
pivot = 0.12
tilt = 0.35

[node name="RemoteTransform" parent="FollowPaths/AlienPath" index="0"]
transform = Transform3D(-0.9498, -0.12052, 0.288695, -1.86264e-08, 0.922815, 0.385241, -0.312841, 0.365905, -0.876493, 1.06873, 1.85935, -4.6749)
remote_path = NodePath("../../../Ground/PlanetStardust/Alien")
update_scale = false

[node name="PathFollow" parent="FollowPaths/AlienPath" index="1"]
transform = Transform3D(-0.995915, 0.0257625, -0.0849161, 0, 0.956766, 0.290284, 0.088739, 0.289132, -0.953011, 1.07139, 1.86148, -4.68353)
progress = 16.6378
rotation_mode = 2
tilt_enabled = true

[node name="LookTargetPivot" parent="FollowPaths/AlienPath/PathFollow" index="1"]
transform = Transform3D(0.929777, 0, -0.368125, 0, 1, 0, 0.368125, 0, 0.929777, 0, 0, 0)

[node name="LookTargetTilt" parent="FollowPaths/AlienPath/PathFollow/LookTargetPivot" index="0"]
transform = Transform3D(1, 0, 0, 0, 0.992546, 0.121869, 0, -0.121869, 0.992546, 0, 0, 0)

[node name="LamaPath" parent="FollowPaths" instance=ExtResource("8_xybyf")]
unique_name_in_owner = true
curve = ExtResource("6_4mufo")
progress_ratio = 0.85

[node name="RemoteTransform" parent="FollowPaths/LamaPath" index="0"]
transform = Transform3D(-0.829456, 9.3515e-05, -0.558571, -7.27595e-11, 1, 0.000167418, 0.558571, 0.000138866, -0.829456, -4.69336, 1.70155, -10.3192)
remote_path = NodePath("../../../Ground/PlanetStardust/LamaLost")

[node name="BeamTransform3D" type="RemoteTransform3D" parent="FollowPaths/LamaPath/RemoteTransform/Marker3D" index="0"]
transform = Transform3D(0.981791, 0.0112597, 0.189628, -0.000474675, 0.998384, -0.0568209, -0.189961, 0.0556996, 0.98021, 0, 0, 0)
remote_path = NodePath("../../../../../Ground/PlanetStardust/Ufo/BeamTransformTarget")

[node name="PathFollow" parent="FollowPaths/LamaPath" index="1"]
transform = Transform3D(-0.829347, 0, -0.558481, 0, 0.999818, 0, 0.558481, 0, -0.829347, -4.69748, 1.70122, -10.3254)
progress = 38.9669

[node name="UfoPath" parent="FollowPaths" instance=ExtResource("8_xybyf")]
unique_name_in_owner = true
curve = ExtResource("7_a8kou")
progress_ratio = 0.17747
pivot = -1.0

[node name="RemoteTransform" parent="FollowPaths/UfoPath" index="0"]
transform = Transform3D(0.951661, -0.0803535, 0.296452, 7.07805e-08, 0.965173, 0.26161, -0.307149, -0.248964, 0.918518, -21.8472, 4.57584, -35.4474)
remote_path = NodePath("../../../Ground/PlanetStardust/Ufo")

[node name="PathFollow" parent="FollowPaths/UfoPath" index="1"]
transform = Transform3D(-0.889438, 0.347518, -0.296363, 0.425569, 0.866113, -0.261578, 0.165806, -0.358827, -0.918404, -21.8445, 4.57836, -35.4386)
progress = 8.09559
rotation_mode = 3

[node name="LookTargetPivot" parent="FollowPaths/UfoPath/PathFollow" index="1"]
transform = Transform3D(-1, 0, -8.74228e-08, 0, 1, 0, 8.74228e-08, 0, -1, 0, 0, 0)

[node name="PlayerPath" parent="FollowPaths" instance=ExtResource("8_xybyf")]
unique_name_in_owner = true
curve = ExtResource("11_wq0yi")
progress_ratio = 0.21
pivot = -0.43
tilt = 0.45

[node name="RemoteTransform" parent="FollowPaths/PlayerPath" index="0"]
transform = Transform3D(0.79447, 0.0947827, -0.599861, -1.49012e-08, 0.987746, 0.156072, 0.607303, -0.123994, 0.784735, -10.2449, 2.57698, -1.92799)
remote_path = NodePath("../../../PlayerCamera")
use_global_coordinates = true

[node name="PathFollow" parent="FollowPaths/PlayerPath" index="1"]
transform = Transform3D(-0.414981, 0, -0.909662, 0, 0.999798, 0, 0.909662, 0, -0.414981, -10.2361, 2.57736, -1.92405)
progress = 3.57961

[node name="LookTargetPivot" parent="FollowPaths/PlayerPath/PathFollow" index="1"]
transform = Transform3D(0.218143, 0, 0.975917, 0, 1, 0, -0.975917, 0, 0.218143, 0, 0, 0)

[node name="LookTargetTilt" parent="FollowPaths/PlayerPath/PathFollow/LookTargetPivot" index="0"]
transform = Transform3D(1, 0, 0, 0, 0.987688, 0.156434, 0, -0.156434, 0.987688, 0, 0, 0)

[node name="Ground" type="Node3D" parent="."]
transform = Transform3D(1, 0, 0, 0, 1, 0, 0, 0, 1, 0, -110.747, 0)

[node name="Station" type="Node3D" parent="Ground"]
unique_name_in_owner = true
visible = false

[node name="spacestation" parent="Ground/Station" instance=ExtResource("6_7tl8n")]

[node name="Buildings" type="Node3D" parent="Ground/Station"]

[node name="MeshInstance3D" type="MeshInstance3D" parent="Ground/Station/Buildings"]
transform = Transform3D(1, 0, 0, 0, 2.32323, 0, 0, 0, 1, 26.6242, 0, 21.5771)
mesh = SubResource("BoxMesh_fo1lf")
skeleton = NodePath("")
surface_material_override/0 = ExtResource("14_pvrip")

[node name="MeshInstance3D3" type="MeshInstance3D" parent="Ground/Station/Buildings"]
transform = Transform3D(1, 0, 0, 0, 1.51698, 0, 0, 0, 3.56057, 26.6242, -10.8923, 21.5771)
mesh = SubResource("BoxMesh_fo1lf")
skeleton = NodePath("")
surface_material_override/0 = ExtResource("14_pvrip")

[node name="MeshInstance3D4" type="MeshInstance3D" parent="Ground/Station/Buildings"]
transform = Transform3D(0.115715, 0, 1.27663, 0, 1.91438, 0, -0.911629, 0, 0.162046, 19.2072, -4.95456, -51.6809)
mesh = SubResource("BoxMesh_fo1lf")
skeleton = NodePath("")
surface_material_override/0 = ExtResource("14_pvrip")

[node name="MeshInstance3D5" type="MeshInstance3D" parent="Ground/Station/Buildings"]
transform = Transform3D(-0.116136, 0, 1.26849, 0, 1.67592, 0, -0.819915, 0, -0.179675, -14.6257, -6.17549, -39.8133)
mesh = SubResource("BoxMesh_fo1lf")
skeleton = NodePath("")
surface_material_override/0 = ExtResource("14_pvrip")

[node name="MeshInstance3D7" type="MeshInstance3D" parent="Ground/Station/Buildings"]
transform = Transform3D(-0.123483, 0, 0.70199, 0, 2.54568, 0, -0.87178, 0, -0.099433, 25.5903, 7.19297, -28.9712)
mesh = SubResource("BoxMesh_fo1lf")
skeleton = NodePath("")
surface_material_override/0 = ExtResource("14_pvrip")

[node name="MeshInstance3D2" type="MeshInstance3D" parent="Ground/Station/Buildings"]
transform = Transform3D(1, 0, 0, 0, 2.32323, 0, 0, 0, 1.55228, 47.1145, 0, -15.575)
mesh = SubResource("BoxMesh_fo1lf")
skeleton = NodePath("")
surface_material_override/0 = ExtResource("14_pvrip")

[node name="Computers" type="Node3D" parent="Ground/Station"]

[node name="Computer" parent="Ground/Station/Computers" instance=ExtResource("15_i4dky")]
transform = Transform3D(1, 0, 0, 0, 1, 0, 0, 0, 1, -9.7, 1, -7)

[node name="Computer2" parent="Ground/Station/Computers" instance=ExtResource("15_i4dky")]
transform = Transform3D(1, 0, 0, 0, 1, 0, 0, 0, 1, -13.4, 1, -7)

[node name="Computer3" parent="Ground/Station/Computers" instance=ExtResource("15_i4dky")]
transform = Transform3D(-4.37114e-08, 0, -1, 0, 1, 0, 1, 0, -4.37114e-08, -7.37028, 1, -3.3)

[node name="seat" parent="Ground/Station/Computers/Computer3" index="2"]
transform = Transform3D(-0.871291, 0, 0.490767, 0, 1, 0, -0.490767, 0, -0.871291, -0.735678, 2.38419e-07, 0.553381)

[node name="GroundMesh" type="MeshInstance3D" parent="Ground/Station"]
unique_name_in_owner = true
transform = Transform3D(13.6593, 0, 0, 0, 0.750532, 0, 0, 0, 17.2288, 0, -6.8, 0)
mesh = SubResource("BoxMesh_rna5n")
skeleton = NodePath("")
surface_material_override/0 = ExtResource("17_lp2h6")

[node name="lucky_portrait" parent="Ground/Station" instance=ExtResource("18_mpwct")]
transform = Transform3D(-4.37114e-08, 0, -1, 0, 1, 0, 1, 0, -4.37114e-08, -7.0375, 2.70409, -1.8)

[node name="SpotLight3D" type="SpotLight3D" parent="Ground/Station/lucky_portrait"]
transform = Transform3D(1, 0, 0, 0, 0.486442, 0.873713, 0, -0.873713, 0.486442, 0, 0.755064, 0.406851)
light_energy = 0.165
spot_range = 1.4
spot_angle = 28.1706

[node name="plant" parent="Ground/Station" instance=ExtResource("18_2l71j")]
transform = Transform3D(-0.258819, 0, 0.965926, 0, 1, 0, -0.965926, 0, -0.258819, -7.85914, 1, -6.53434)

[node name="plant2" parent="Ground/Station" instance=ExtResource("18_2l71j")]
transform = Transform3D(0.707107, 0, -0.707107, 0, 1, 0, 0.707107, 0, 0.707107, -11.6293, 1, -6.88787)

[node name="PlanetStardust" type="Node3D" parent="Ground"]
unique_name_in_owner = true

[node name="Alien" parent="Ground/PlanetStardust" instance=ExtResource("8_bs0lj")]
unique_name_in_owner = true
transform = Transform3D(-0.949665, -0.120499, 0.288667, -1.86237e-08, 0.922656, 0.385203, -0.312796, 0.365841, -0.876407, 1.06873, 1.85935, -4.6749)

[node name="LamaLost" parent="Ground/PlanetStardust" instance=ExtResource("8_t1ik6")]
unique_name_in_owner = true
transform = Transform3D(-0.829456, 9.3515e-05, -0.558571, -7.27595e-11, 1, 0.000167418, 0.558571, 0.000138866, -0.829456, -4.69336, 1.70155, -10.3192)

[node name="BeamTargetTransform" type="RemoteTransform3D" parent="Ground/PlanetStardust/LamaLost"]
remote_path = NodePath("../../Ufo/BeamLookTarget")

[node name="Ufo" parent="Ground/PlanetStardust" instance=ExtResource("16_8d17p")]
transform = Transform3D(0.951661, -0.0803535, 0.296452, 7.07805e-08, 0.965173, 0.26161, -0.307149, -0.248964, 0.918518, -21.8472, 4.57584, -35.4474)

[node name="mountains" parent="Ground/PlanetStardust" instance=ExtResource("17_thg0y")]

[node name="Environment" parent="." instance=ExtResource("18_bvh68")]
unique_name_in_owner = true
sky_gradient = SubResource("Gradient_l168m")
ground_color = Color(0.207843, 0.596078, 0.615686, 1)
fog_color = Color(0.478431, 0.545098, 0.807843, 1)
horizon_color = Color(0, 0, 0, 1)
altitude = 0.903182
planet_distance = 0.14975
stars_progress = 1.0

[node name="Ground" parent="Environment" index="1"]
transform = Transform3D(1, 0, 0, 0, 1, 0, 0, 0, 1, 0, -110.747, 0)

[node name="RemoteTransform" parent="Environment/Ground" index="2"]
remote_path = NodePath("../../../Ground")

[node name="PlanetPivot" parent="Environment" index="2"]
transform = Transform3D(1, 0, 0, 0, 0.993582, 0.113109, 0, -0.113109, 0.993582, 0, 0, 0)

[node name="Planet" parent="Environment/PlanetPivot" index="0"]
transform = Transform3D(-5.47834, 0.0162261, -0.142535, 0, 5.44505, 0.619864, 0.143455, 0.619651, -5.44318, 0, 0, -31.9374)
surface_material_override/0 = SubResource("ShaderMaterial_oahcp")

[node name="Stars" parent="Environment" index="4"]
transform = Transform3D(0.84932, 0.526605, -0.0366476, -0.526958, 0.849892, 0, 0.0311464, 0.0193118, 0.999329, 0, 96, 128)

[node name="PlayerCamera" type="Camera3D" parent="."]
unique_name_in_owner = true
transform = Transform3D(0.79447, 0.0947827, -0.599861, -1.49012e-08, 0.987746, 0.156072, 0.607303, -0.123994, 0.784735, -10.2449, 2.57698, -1.92799)
current = true
fov = 65.5

[node name="Award" parent="PlayerCamera" instance=ExtResource("24_l10sx")]
transform = Transform3D(0.999891, 0.0133388, 0.00640762, -0.0133091, 0.999901, -0.00465616, -0.0064691, 0.00457037, 0.999969, -0.08, 0.01, -1.7)

[editable path="FollowPaths/CharacterPath"]
[editable path="FollowPaths/AlienPath"]
[editable path="FollowPaths/LamaPath"]
[editable path="FollowPaths/UfoPath"]
[editable path="FollowPaths/PlayerPath"]
[editable path="Ground/Station/Computers/Computer3"]
[editable path="Environment"]
