[gd_scene load_steps=44 format=3 uid="uid://uk3s0fjb5pmh"]

[ext_resource type="Script" path="res://level/level.gd" id="1_58g46"]
[ext_resource type="AnimationLibrary" uid="uid://cjkhuv5cn32yu" path="res://level/environment/environment_animations.tres" id="2_3s2c1"]
[ext_resource type="Script" path="res://level/rumble_controller.gd" id="2_gas8d"]
[ext_resource type="PackedScene" uid="uid://wa41njrapfpn" path="res://level/spaceship/spaceship.tscn" id="2_ovpdl"]
[ext_resource type="Curve3D" uid="uid://cy536xdmk2g4n" path="res://characters/alien/alien_path.tres" id="5_8sic0"]
[ext_resource type="Curve3D" uid="uid://2tegcoe2filo" path="res://characters/lama/lama_path.tres" id="6_4mufo"]
[ext_resource type="PackedScene" uid="uid://dt1vpkmuodkmu" path="res://level/spacestation/spacestation.gltf" id="6_7tl8n"]
[ext_resource type="AudioStream" uid="uid://b7e4vg2vr8b5w" path="res://audio/effects/warp_01.wav" id="6_g2vm6"]
[ext_resource type="Curve3D" uid="uid://u7jxw4tklqvw" path="res://characters/alien/ufo_path.tres" id="7_a8kou"]
[ext_resource type="Shader" path="res://shaders/toon.gdshader" id="7_c46vp"]
[ext_resource type="PackedScene" uid="uid://bq23ckwovuhf4" path="res://characters/alien/alien.tscn" id="8_bs0lj"]
[ext_resource type="PackedScene" uid="uid://322sh12iustv" path="res://characters/lama/lama.tscn" id="8_t1ik6"]
[ext_resource type="PackedScene" uid="uid://bi2ttsoa7h87g" path="res://components/remote_follow_path.tscn" id="8_xybyf"]
[ext_resource type="Curve3D" uid="uid://bnnm33024rtvp" path="res://characters/player/player_position_path.tres" id="11_wq0yi"]
[ext_resource type="PackedScene" uid="uid://vain2gp1dm54" path="res://level/spacestation/computer.tscn" id="14_34eti"]
[ext_resource type="PackedScene" uid="uid://bbugqyxo4xw7n" path="res://characters/alien/ufo.tscn" id="16_8d17p"]
[ext_resource type="Material" uid="uid://dn4hhy54yg5ai" path="res://level/environment/materials/ground_material.tres" id="17_lp2h6"]
[ext_resource type="PackedScene" uid="uid://bshyrsivebdd0" path="res://level/environment/mountains.tscn" id="17_thg0y"]
[ext_resource type="PackedScene" uid="uid://ce5kwqern427b" path="res://level/environment/environment.tscn" id="18_bvh68"]
[ext_resource type="PackedScene" uid="uid://cq3x5n33r2d8c" path="res://characters/character/character.tscn" id="21_35viv"]
[ext_resource type="Curve3D" uid="uid://h5hat0hxq5pn" path="res://characters/character/character_path.tres" id="22_lkuf6"]
[ext_resource type="Shader" path="res://level/environment/materials/planet_material.gdshader" id="22_tcbgy"]

[sub_resource type="AnimationNodeAnimation" id="AnimationNodeAnimation_8dnu5"]
animation = &"RESET"

[sub_resource type="AnimationNodeAnimation" id="AnimationNodeAnimation_e5fql"]
animation = &"environment_animations/landing"

[sub_resource type="AnimationNodeAnimation" id="AnimationNodeAnimation_2a4g6"]
animation = &"environment_animations/launch"

[sub_resource type="AnimationNodeAnimation" id="AnimationNodeAnimation_w0kem"]
animation = &"environment_animations/warp"

[sub_resource type="AnimationNodeStateMachineTransition" id="AnimationNodeStateMachineTransition_7tb2q"]
switch_mode = 2

[sub_resource type="AnimationNodeStateMachineTransition" id="AnimationNodeStateMachineTransition_ycoeb"]
advance_mode = 2

[sub_resource type="AnimationNodeStateMachineTransition" id="AnimationNodeStateMachineTransition_vdkye"]
xfade_time = 0.98
switch_mode = 2

[sub_resource type="AnimationNodeStateMachineTransition" id="AnimationNodeStateMachineTransition_kbvn4"]
switch_mode = 2

[sub_resource type="AnimationNodeStateMachineTransition" id="AnimationNodeStateMachineTransition_54vac"]
switch_mode = 2

[sub_resource type="AnimationNodeStateMachine" id="AnimationNodeStateMachine_xndii"]
states/End/position = Vector2(909, 100)
states/Start/position = Vector2(222, 100)
states/intro/node = SubResource("AnimationNodeAnimation_8dnu5")
states/intro/position = Vector2(349, 100)
states/landing/node = SubResource("AnimationNodeAnimation_e5fql")
states/landing/position = Vector2(768, 100)
states/launch/node = SubResource("AnimationNodeAnimation_2a4g6")
states/launch/position = Vector2(498, 100)
states/warp/node = SubResource("AnimationNodeAnimation_w0kem")
states/warp/position = Vector2(632, 100)
transitions = ["intro", "launch", SubResource("AnimationNodeStateMachineTransition_7tb2q"), "Start", "intro", SubResource("AnimationNodeStateMachineTransition_ycoeb"), "warp", "landing", SubResource("AnimationNodeStateMachineTransition_vdkye"), "landing", "End", SubResource("AnimationNodeStateMachineTransition_kbvn4"), "launch", "warp", SubResource("AnimationNodeStateMachineTransition_54vac")]
graph_offset = Vector2(-175, -39.065)

[sub_resource type="Animation" id="Animation_k5ml7"]
length = 0.001
tracks/0/type = "value"
tracks/0/imported = false
tracks/0/enabled = true
tracks/0/path = NodePath("Environment/Sky:surface_material_override/0:shader_parameter/stars_scale")
tracks/0/interp = 1
tracks/0/loop_wrap = true
tracks/0/keys = {
"times": PackedFloat32Array(0),
"transitions": PackedFloat32Array(1),
"update": 0,
"values": [2.992]
}
tracks/1/type = "value"
tracks/1/imported = false
tracks/1/enabled = true
tracks/1/path = NodePath("RumbleController:strong_magnitude")
tracks/1/interp = 1
tracks/1/loop_wrap = true
tracks/1/keys = {
"times": PackedFloat32Array(0),
"transitions": PackedFloat32Array(1),
"update": 0,
"values": [0.0]
}
tracks/2/type = "value"
tracks/2/imported = false
tracks/2/enabled = true
tracks/2/path = NodePath("RumbleController:weak_magnitude")
tracks/2/interp = 1
tracks/2/loop_wrap = true
tracks/2/keys = {
"times": PackedFloat32Array(0),
"transitions": PackedFloat32Array(1),
"update": 0,
"values": [0.0]
}
tracks/3/type = "value"
tracks/3/imported = false
tracks/3/enabled = true
tracks/3/path = NodePath("Spaceship/SpaceshipAudio:stream")
tracks/3/interp = 1
tracks/3/loop_wrap = true
tracks/3/keys = {
"times": PackedFloat32Array(0),
"transitions": PackedFloat32Array(1),
"update": 1,
"values": [ExtResource("6_g2vm6")]
}
tracks/4/type = "value"
tracks/4/imported = false
tracks/4/enabled = true
tracks/4/path = NodePath("Spaceship/SpaceshipAudio:playing")
tracks/4/interp = 1
tracks/4/loop_wrap = true
tracks/4/keys = {
"times": PackedFloat32Array(-0.1),
"transitions": PackedFloat32Array(1),
"update": 1,
"values": [false]
}
tracks/5/type = "value"
tracks/5/imported = false
tracks/5/enabled = true
tracks/5/path = NodePath("Ground/Station:visible")
tracks/5/interp = 1
tracks/5/loop_wrap = true
tracks/5/keys = {
"times": PackedFloat32Array(0),
"transitions": PackedFloat32Array(1),
"update": 1,
"values": [true]
}
tracks/6/type = "value"
tracks/6/imported = false
tracks/6/enabled = true
tracks/6/path = NodePath("Spaceship:steering_motion")
tracks/6/interp = 1
tracks/6/loop_wrap = true
tracks/6/keys = {
"times": PackedFloat32Array(0),
"transitions": PackedFloat32Array(1),
"update": 0,
"values": [0.0]
}
tracks/7/type = "value"
tracks/7/imported = false
tracks/7/enabled = true
tracks/7/path = NodePath("Spaceship:flying_motion")
tracks/7/interp = 1
tracks/7/loop_wrap = true
tracks/7/keys = {
"times": PackedFloat32Array(0),
"transitions": PackedFloat32Array(1),
"update": 0,
"values": [0.0]
}

[sub_resource type="AnimationLibrary" id="AnimationLibrary_oeqp5"]
_data = {
"RESET": SubResource("Animation_k5ml7")
}

[sub_resource type="BoxMesh" id="BoxMesh_fo1lf"]
size = Vector3(16, 16, 16)

[sub_resource type="ShaderMaterial" id="ShaderMaterial_85duv"]
render_priority = 0
shader = ExtResource("7_c46vp")
shader_parameter/albedo = Color(0.466667, 0.584314, 0.796078, 1)
shader_parameter/specular = 0.5
shader_parameter/specular_amount = 0.5
shader_parameter/specular_smoothness = 0.05
shader_parameter/wrap = 0.25
shader_parameter/rim = 0.5
shader_parameter/rim_amount = 0.2
shader_parameter/rim_smoothness = 0.05
shader_parameter/metallic = 0.0
shader_parameter/roughness = 1.0
shader_parameter/emission_tint = Color(0, 0, 0, 1)
shader_parameter/emission_energy = 1.0

[sub_resource type="BoxMesh" id="BoxMesh_rna5n"]
size = Vector3(16, 16, 16)

[sub_resource type="Gradient" id="Gradient_l168m"]
offsets = PackedFloat32Array(0.0753968, 0.361111, 0.623016, 1)
colors = PackedColorArray(0.466667, 0.584314, 0.796078, 1, 0.290196, 0.168627, 0.403922, 1, 0.164706, 0.172549, 0.301961, 1, 0.113725, 0.113725, 0.266667, 1)

[sub_resource type="FastNoiseLite" id="FastNoiseLite_kuh6x"]
noise_type = 3
frequency = 0.006
fractal_octaves = 9
fractal_lacunarity = 2.592
fractal_gain = 0.338
fractal_weighted_strength = 1.0
domain_warp_enabled = true
domain_warp_type = 1
domain_warp_amplitude = 51.022
domain_warp_frequency = -0.008
domain_warp_fractal_lacunarity = 2.973

[sub_resource type="NoiseTexture2D" id="NoiseTexture2D_e8406"]
width = 1024
height = 1024
in_3d_space = true
seamless = true
seamless_blend_skirt = 0.511
noise = SubResource("FastNoiseLite_kuh6x")

[sub_resource type="Gradient" id="Gradient_md7p6"]
interpolation_mode = 2
offsets = PackedFloat32Array(0.246212, 0.405303, 0.509202, 0.610429, 0.665644, 0.847403, 0.899351, 0.957792)
colors = PackedColorArray(0.241235, 0.181639, 0.637774, 1, 0.265675, 0.328805, 0.670102, 1, 0.321228, 0.441731, 0.877504, 1, 0.536334, 0.586287, 1, 1, 0.623842, 0.427904, 0.857562, 1, 0.696128, 0.381502, 0.827304, 1, 0.661754, 0.516994, 0.900451, 1, 0.816009, 0.638485, 0.92737, 1)

[sub_resource type="GradientTexture1D" id="GradientTexture1D_astb8"]
gradient = SubResource("Gradient_md7p6")

[sub_resource type="ShaderMaterial" id="ShaderMaterial_i7ymo"]
resource_local_to_scene = true
render_priority = 0
shader = ExtResource("22_tcbgy")
shader_parameter/specular = 0.0
shader_parameter/specular_amount = 0.0
shader_parameter/specular_smoothness = 0.05
shader_parameter/wrap = 0.171
shader_parameter/rim = 0.785
shader_parameter/rim_amount = 0.651
shader_parameter/rim_smoothness = 0.642
shader_parameter/metallic = 0.0
shader_parameter/roughness = 1.0
shader_parameter/emission_energy = 0.484
shader_parameter/albedo_texture = SubResource("NoiseTexture2D_e8406")
shader_parameter/color_gradient = SubResource("GradientTexture1D_astb8")

[node name="Level" type="Node"]
script = ExtResource("1_58g46")

[node name="StateTree" type="AnimationTree" parent="."]
unique_name_in_owner = true
tree_root = SubResource("AnimationNodeStateMachine_xndii")
anim_player = NodePath("AnimationPlayer")
active = true

[node name="AnimationPlayer" type="AnimationPlayer" parent="StateTree"]
root_node = NodePath("../..")
libraries = {
"": SubResource("AnimationLibrary_oeqp5"),
"environment_animations": ExtResource("2_3s2c1")
}

[node name="RumbleController" type="Node" parent="."]
script = ExtResource("2_gas8d")

[node name="Character" parent="." instance=ExtResource("21_35viv")]
transform = Transform3D(-0.990353, 1.04314e-05, -0.138531, -2.72847e-11, 1, 7.52992e-05, 0.138531, 7.45736e-05, -0.990353, -13.2931, 1.00015, -3.19279)

[node name="Spaceship" parent="." instance=ExtResource("2_ovpdl")]
transform = Transform3D(1, 0, 0, 0, 1, 0, 0, 0, 1, 0, 0.00968003, 0)
screen_state = "playing"

[node name="SpaceshipAudio" type="AudioStreamPlayer3D" parent="Spaceship"]
stream = ExtResource("6_g2vm6")
volume_db = -43.307
max_db = 1.73
bus = &"Effects"

[node name="FollowPaths" type="Node3D" parent="."]

[node name="CharacterPath" parent="FollowPaths" instance=ExtResource("8_xybyf")]
unique_name_in_owner = true
visible = false
curve = ExtResource("22_lkuf6")

[node name="RemoteTransform" parent="FollowPaths/CharacterPath" index="0"]
transform = Transform3D(-0.990353, 1.04314e-05, -0.138531, -2.72847e-11, 1, 7.52992e-05, 0.138531, 7.45736e-05, -0.990353, -13.2931, 1.00015, -3.19279)
remote_path = NodePath("../../../Character")

[node name="PathFollow" parent="FollowPaths/CharacterPath" index="1"]
transform = Transform3D(-0.989782, 0, -0.141398, 0, 0.999798, 0, 0.141398, 0, -0.989782, -13.3, 1, -3.2)

[node name="AlienPath" parent="FollowPaths" instance=ExtResource("8_xybyf")]
unique_name_in_owner = true
curve = ExtResource("5_8sic0")
progress_ratio = 1.0

[node name="RemoteTransform" parent="FollowPaths/AlienPath" index="0"]
transform = Transform3D(-0.963973, 0.000852319, 0.265983, 3.20141e-10, 0.999995, -0.00320439, -0.265983, -0.00308896, -0.963972, 0.995202, 1.29361, -4.19556)
remote_path = NodePath("../../../Ground/PlanetStardust/Alien")
update_scale = false

[node name="PathFollow" parent="FollowPaths/AlienPath" index="1"]
transform = Transform3D(-0.96337, 0, 0.267603, 0, 0.999828, 0, -0.267603, 0, -0.96337, 1, 1.3, -4.2)
progress = 14.8993

[node name="LamaPath" parent="FollowPaths" instance=ExtResource("8_xybyf")]
unique_name_in_owner = true
curve = ExtResource("6_4mufo")
progress_ratio = 0.85

[node name="RemoteTransform" parent="FollowPaths/LamaPath" index="0"]
transform = Transform3D(-0.829457, 9.35152e-05, -0.558573, -2.80124e-10, 1, 0.000167419, 0.558571, 0.000138867, -0.829459, -4.69336, 1.70155, -10.3192)
remote_path = NodePath("../../../Ground/PlanetStardust/LamaLost")

[node name="BeamTransform3D" type="RemoteTransform3D" parent="FollowPaths/LamaPath/RemoteTransform/Marker3D" index="0"]
transform = Transform3D(0.981791, 0.0112597, 0.189628, -0.000474675, 0.998384, -0.0568209, -0.189961, 0.0556996, 0.98021, 0, 0, 0)
remote_path = NodePath("../../../../../Ground/PlanetStardust/Ufo/BeamTransformTarget")

[node name="PathFollow" parent="FollowPaths/LamaPath" index="1"]
transform = Transform3D(-0.829347, 0, -0.558481, 0, 0.999818, 0, 0.558481, 0, -0.829347, -4.69748, 1.70122, -10.3254)
progress = 38.9669

[node name="UfoPath" parent="FollowPaths" instance=ExtResource("8_xybyf")]
unique_name_in_owner = true
curve = ExtResource("7_a8kou")
progress_ratio = 0.85

[node name="RemoteTransform" parent="FollowPaths/UfoPath" index="0"]
transform = Transform3D(-0.81383, 0.107235, -0.571116, 2.7567e-07, 0.982823, 0.184538, 0.581096, 0.150184, -0.799853, -4.70804, 4.8628, -10.8321)
remote_path = NodePath("../../../Ground/PlanetStardust/Ufo")

[node name="PathFollow" parent="FollowPaths/UfoPath" index="1"]
transform = Transform3D(-0.81839, 0.024033, -0.573938, -0.100701, 0.977489, 0.184525, 0.565547, 0.208829, -0.797676, -4.71558, 4.86339, -10.8304)
progress = 38.6353
rotation_mode = 3

[node name="PlayerPath" parent="FollowPaths" instance=ExtResource("8_xybyf")]
unique_name_in_owner = true
curve = ExtResource("11_wq0yi")
progress_ratio = 0.65
pivot = -0.05
tilt = 0.35

[node name="RemoteTransform" parent="FollowPaths/PlayerPath" index="0"]
transform = Transform3D(0.129963, 0.121242, -0.984076, 3.53901e-07, 0.992492, 0.122279, 0.991515, -0.0158922, 0.128988, -3.55796, 2.53982, 0.881772)
remote_path = NodePath("../../../PlayerCamera")
use_global_coordinates = true

[node name="PathFollow" parent="FollowPaths/PlayerPath" index="1"]
transform = Transform3D(-0.0274728, 0, -0.999458, 0, 0.999798, 0, 0.999458, 0, -0.0274728, -3.56732, 2.54012, 0.881523)
progress = 10.8334

[node name="LookTargetPivot" parent="FollowPaths/PlayerPath/PathFollow" index="1"]
transform = Transform3D(0.987688, 0, 0.156434, 0, 1, 0, -0.156434, 0, 0.987688, 0, 0, 0)

[node name="LookTargetTilt" parent="FollowPaths/PlayerPath/PathFollow/LookTargetPivot" index="0"]
transform = Transform3D(1, 0, 0, 0, 0.992545, 0.121869, 0, -0.121869, 0.992545, 0, 0, 0)

[node name="Ground" type="Node3D" parent="."]
transform = Transform3D(1, 0, 0, 0, 1, 0, 0, 0, 1, 0, -128, 0)

[node name="Station" type="Node3D" parent="Ground"]

[node name="LamaRescued" parent="Ground/Station" instance=ExtResource("8_t1ik6")]
unique_name_in_owner = true
transform = Transform3D(0.970733, 7.67017e-06, 0.24016, 9.28026e-12, 1, -3.19377e-05, -0.24016, 3.1003e-05, 0.970733, -9.14576, 1.01752, 0.497959)

[node name="spacestation" parent="Ground/Station" instance=ExtResource("6_7tl8n")]

[node name="Buildings" type="Node3D" parent="Ground/Station"]

[node name="MeshInstance3D" type="MeshInstance3D" parent="Ground/Station/Buildings"]
transform = Transform3D(1, 0, 0, 0, 2.32323, 0, 0, 0, 1, 26.6242, 0, 21.5771)
mesh = SubResource("BoxMesh_fo1lf")
skeleton = NodePath("")
surface_material_override/0 = SubResource("ShaderMaterial_85duv")

[node name="MeshInstance3D3" type="MeshInstance3D" parent="Ground/Station/Buildings"]
transform = Transform3D(1, 0, 0, 0, 1.51698, 0, 0, 0, 3.56057, 26.6242, -10.8923, 21.5771)
mesh = SubResource("BoxMesh_fo1lf")
skeleton = NodePath("")
surface_material_override/0 = SubResource("ShaderMaterial_85duv")

[node name="MeshInstance3D4" type="MeshInstance3D" parent="Ground/Station/Buildings"]
transform = Transform3D(0.115715, 0, 1.27663, 0, 1.91438, 0, -0.911629, 0, 0.162046, 19.2072, -4.95456, -51.6809)
mesh = SubResource("BoxMesh_fo1lf")
skeleton = NodePath("")
surface_material_override/0 = SubResource("ShaderMaterial_85duv")

[node name="MeshInstance3D5" type="MeshInstance3D" parent="Ground/Station/Buildings"]
transform = Transform3D(-0.116136, 0, 1.26849, 0, 1.67592, 0, -0.819915, 0, -0.179675, -14.6257, -6.17549, -39.8133)
mesh = SubResource("BoxMesh_fo1lf")
skeleton = NodePath("")
surface_material_override/0 = SubResource("ShaderMaterial_85duv")

[node name="MeshInstance3D7" type="MeshInstance3D" parent="Ground/Station/Buildings"]
transform = Transform3D(-0.123483, 0, 0.70199, 0, 2.54568, 0, -0.87178, 0, -0.099433, 25.5903, 7.19297, -28.9712)
mesh = SubResource("BoxMesh_fo1lf")
skeleton = NodePath("")
surface_material_override/0 = SubResource("ShaderMaterial_85duv")

[node name="MeshInstance3D2" type="MeshInstance3D" parent="Ground/Station/Buildings"]
transform = Transform3D(1, 0, 0, 0, 2.32323, 0, 0, 0, 1.55228, 47.1145, 0, -15.575)
mesh = SubResource("BoxMesh_fo1lf")
skeleton = NodePath("")
surface_material_override/0 = SubResource("ShaderMaterial_85duv")

[node name="Computers" type="Node3D" parent="Ground/Station"]

[node name="Computer_01" parent="Ground/Station/Computers" instance=ExtResource("14_34eti")]
transform = Transform3D(-4.37114e-08, 0, -1, 0, 1, 0, 1, 0, -4.37114e-08, -7.19084, 0.988599, -2.85662)

[node name="seat" parent="Ground/Station/Computers/Computer_01" index="2"]
visible = false

[node name="Computer_02" parent="Ground/Station/Computers" instance=ExtResource("14_34eti")]
transform = Transform3D(-4.37114e-08, 0, -1, 0, 1, 0, 1, 0, -4.37114e-08, -7.19084, 0.988599, -5.25662)

[node name="Computer_03" parent="Ground/Station/Computers" instance=ExtResource("14_34eti")]
transform = Transform3D(1, 0, -1.06581e-14, 0, 1, 0, 1.06581e-14, 0, 1, -11.7908, 0.988599, -7.05662)

[node name="seat" parent="Ground/Station/Computers/Computer_03" index="2"]
transform = Transform3D(-0.965845, 0, -0.259123, 0, 1, 0, 0.259123, 0, -0.965845, 0.100632, 0, 0.65753)

[node name="Computer_04" parent="Ground/Station/Computers" instance=ExtResource("14_34eti")]
transform = Transform3D(1, 0, -1.06581e-14, 0, 1, 0, 1.06581e-14, 0, 1, -9.3908, 0.988599, -7.05662)

[node name="seat" parent="Ground/Station/Computers/Computer_04" index="2"]
transform = Transform3D(-0.96621, 0, 0.257757, 0, 1, 0, -0.257757, 0, -0.96621, -0.0919847, 0, 0.862749)

[node name="Computer_05" parent="Ground/Station/Computers" instance=ExtResource("14_34eti")]
transform = Transform3D(1, 0, -1.06581e-14, 0, 1, 0, 1.06581e-14, 0, 1, -14.1908, 0.988599, -7.05662)

[node name="seat" parent="Ground/Station/Computers/Computer_05" index="2"]
transform = Transform3D(-0.886737, 0, 0.462275, 0, 1, 0, -0.462275, 0, -0.886737, -0.400001, 0, 0.800002)

[node name="GroundMesh" type="MeshInstance3D" parent="Ground/Station"]
unique_name_in_owner = true
transform = Transform3D(13.6593, 0, 0, 0, 0.750532, 0, 0, 0, 17.2288, 0, -6.8, 0)
mesh = SubResource("BoxMesh_rna5n")
skeleton = NodePath("")
surface_material_override/0 = ExtResource("17_lp2h6")

[node name="PlanetStardust" type="Node3D" parent="Ground"]

[node name="LamaLost" parent="Ground/PlanetStardust" instance=ExtResource("8_t1ik6")]
unique_name_in_owner = true
transform = Transform3D(-0.829457, 9.35152e-05, -0.558573, -2.80124e-10, 1, 0.000167419, 0.558571, 0.000138867, -0.829459, -4.69336, 1.70155, -10.3192)

[node name="lama" parent="Ground/PlanetStardust/LamaLost" index="2"]
transform = Transform3D(-3.61999e-06, 0, -1, 0, 1, 0, 1, 0, -3.61999e-06, 0, 0.1875, -0.359375)

[node name="neck" parent="Ground/PlanetStardust/LamaLost/lama" index="0"]
transform = Transform3D(1, 0, 0, 0, 1, 0, 0, 0, 1, 0.0625, 0.375, 0.015625)

[node name="head" parent="Ground/PlanetStardust/LamaLost/lama/neck" index="0"]
transform = Transform3D(1, 0, 0, 0, 1, 0, 0, 0, 1, 0.00781253, 0.601564, -1.49012e-08)

[node name="ear_right" parent="Ground/PlanetStardust/LamaLost/lama/neck/head" index="0"]
transform = Transform3D(0.866025, -0.5, 0, 0.5, 0.866025, 0, 0, 0, 1, 0.015625, 0.171875, -0.0703125)

[node name="ear_left" parent="Ground/PlanetStardust/LamaLost/lama/neck/head" index="1"]
transform = Transform3D(0.866024, -0.500004, 0, 0.500003, 0.866024, 1.22465e-16, 6.12329e-17, 1.06058e-16, -1, 0.015625, 0.171875, 0.0546875)

[node name="leg_front_left" parent="Ground/PlanetStardust/LamaLost/lama" index="3"]
transform = Transform3D(-1, 1.22465e-16, -2.53518e-06, 1.22465e-16, 1, 1.22465e-16, 2.53518e-06, 1.22465e-16, -1, 0.170001, 0.25, 0.11989)

[node name="leg_back_left" parent="Ground/PlanetStardust/LamaLost/lama" index="4"]
transform = Transform3D(-1, 1.22465e-16, -2.53518e-06, 1.22465e-16, 1, 1.22465e-16, 2.53518e-06, 1.22465e-16, -1, 0.59375, 0.25, 0.132813)

[node name="BeamTargetTransform" type="RemoteTransform3D" parent="Ground/PlanetStardust/LamaLost"]
remote_path = NodePath("../../Ufo/BeamLookTarget")

[node name="Ufo" parent="Ground/PlanetStardust" instance=ExtResource("16_8d17p")]
transform = Transform3D(-0.81383, 0.107235, -0.571116, 2.7567e-07, 0.982823, 0.184538, 0.581096, 0.150184, -0.799853, -4.70804, 4.8628, -10.8321)

[node name="Alien" parent="Ground/PlanetStardust" instance=ExtResource("8_bs0lj")]
transform = Transform3D(-0.963946, 0.000852069, 0.26593, 3.20132e-10, 0.999701, -0.00320375, -0.265976, -0.00308805, -0.96378, 0.995202, 1.29361, -4.19556)

[node name="mountains" parent="Ground/PlanetStardust" instance=ExtResource("17_thg0y")]

[node name="Environment" parent="." instance=ExtResource("18_bvh68")]
sky_gradient = SubResource("Gradient_l168m")
ground_color = Color(0.207843, 0.596078, 0.615686, 1)
fog_color = Color(0.478431, 0.545098, 0.807843, 1)
horizon_color = Color(0, 0, 0, 1)
altitude = 1.0
planet_distance = 1.0
planet_height = 0.8

[node name="Ground" parent="Environment" index="1"]
transform = Transform3D(1, 0, 0, 0, 1, 0, 0, 0, 1, 0, -128, 0)

[node name="RemoteTransform" parent="Environment/Ground" index="2"]
remote_path = NodePath("../../../Ground")

[node name="PlanetPivot" parent="Environment" index="2"]
transform = Transform3D(1, 0, 0, 0, 0.95363, -0.30098, 0, 0.30098, 0.95363, 0, 0, 0)

[node name="Planet" parent="Environment/PlanetPivot" index="0"]
transform = Transform3D(-0.34988, -0.00275756, -0.0087371, 1.33467e-10, 0.333771, -0.105343, 0.00916193, -0.105307, -0.333656, 0, 0, -64)
surface_material_override/0 = SubResource("ShaderMaterial_i7ymo")

[node name="WorldLight" parent="Environment" index="3"]
light_energy = 0.01

[node name="PathFollow3D" parent="Environment/Stars/Paths/StarPath3D1" index="0"]
transform = Transform3D(0.860388, 0.128945, 0.492782, 0, 0.967304, -0.253111, -0.50937, 0.217804, 0.832368, 61.7491, -4.34483, 1.16235)

[node name="PathFollow3D" parent="Environment/Stars/Paths/StarPath3D2" index="0"]
transform = Transform3D(0.860412, 0.128948, 0.492799, 0, 0.967326, -0.253119, -0.509384, 0.217809, 0.832397, 61.7491, -4.34483, 1.16235)

[node name="PathFollow3D" parent="Environment/Stars/Paths/StarPath3D3" index="0"]
transform = Transform3D(0.860413, 0.12895, 0.492794, 0, 0.96734, -0.253117, -0.509385, 0.217812, 0.83239, 61.7491, -4.34483, 1.16235)

[node name="PathFollow3D" parent="Environment/Stars/Paths/StarPath3D4" index="0"]
transform = Transform3D(0.860419, 0.128949, 0.492796, 0, 0.967336, -0.253118, -0.509388, 0.217811, 0.832393, 61.7491, -4.34483, 1.16235)

[node name="PathFollow3D" parent="Environment/Stars/Paths/StarPath3D5" index="0"]
transform = Transform3D(0.860371, 0.12894, 0.492774, 0, 0.967268, -0.253107, -0.50936, 0.217796, 0.832355, 61.7491, -4.34483, 1.16235)

[node name="PathFollow3D" parent="Environment/Stars/Paths/StarPath3D6" index="0"]
transform = Transform3D(0.860398, 0.128945, 0.492783, 0, 0.967306, -0.253111, -0.509376, 0.217804, 0.83237, 61.7491, -4.34483, 1.16235)

[node name="PathFollow3D" parent="Environment/Stars/Paths/StarPath3D7" index="0"]
transform = Transform3D(0.860414, 0.128948, 0.492799, 0, 0.967323, -0.253119, -0.509385, 0.217808, 0.832397, 61.7491, -4.34483, 1.16235)

[node name="PathFollow3D" parent="Environment/Stars/Paths/StarPath3D8" index="0"]
transform = Transform3D(0.860414, 0.12895, 0.492795, 0, 0.967343, -0.253117, -0.509385, 0.217813, 0.832391, 61.7491, -4.34483, 1.16235)

[node name="PathFollow3D" parent="Environment/Stars/Paths/StarPath3D9" index="0"]
transform = Transform3D(0.860415, 0.128949, 0.492795, 0, 0.967333, -0.253117, -0.509386, 0.217811, 0.83239, 61.7491, -4.34483, 1.16235)

[node name="PathFollow3D" parent="Environment/Stars/Paths/StarPath3D10" index="0"]
transform = Transform3D(0.860372, 0.12894, 0.492773, 0, 0.967268, -0.253106, -0.509361, 0.217796, 0.832353, 61.7491, -4.34483, 1.16235)

[node name="PathFollow3D" parent="Environment/Stars/Paths/StarPath3D11" index="0"]
transform = Transform3D(0.860416, 0.128949, 0.492796, 0, 0.967336, -0.253118, -0.509386, 0.217811, 0.832392, 61.7491, -4.34483, 1.16235)

[node name="PathFollow3D" parent="Environment/Stars/Paths/StarPath3D12" index="0"]
transform = Transform3D(0.860371, 0.128941, 0.492773, 0, 0.967276, -0.253106, -0.50936, 0.217798, 0.832353, 61.7491, -4.34483, 1.16235)

[node name="Star1" parent="Environment/Stars" index="1"]
transform = Transform3D(-0.754425, -0.550458, -0.357423, 0.500003, -0.834817, 0.230239, -0.425117, -0.00501494, 0.905089, -48.9374, 5.98042, -5.95844)

[node name="Star2" parent="Environment/Stars" index="2"]
transform = Transform3D(-0.255479, -0.965515, 0.0497083, 0.918306, -0.226258, 0.324812, -0.302376, 0.128632, 0.944444, -57.5087, 35.4211, -0.786783)

[node name="Star3" parent="Environment/Stars" index="3"]
transform = Transform3D(0.464979, -0.766832, 0.442415, 0.830608, 0.5508, 0.0817143, -0.306349, 0.329487, 0.893052, 6.46721, 61.4234, -8.85712)

[node name="Star4" parent="Environment/Stars" index="4"]
transform = Transform3D(0.876306, 0.058563, 0.478157, 0.166477, 0.894605, -0.414669, -0.452047, 0.442985, 0.774209, 53.2106, 31.1516, -5.87195)

[node name="Star5" parent="Environment/Stars" index="5"]
transform = Transform3D(-0.885934, -0.436534, -0.156643, 0.250874, -0.735119, 0.629787, -0.390083, 0.518653, 0.760794, -67.6898, 6.32002, -3.44534)

[node name="Star6" parent="Environment/Stars" index="6"]
transform = Transform3D(0.718892, 0.303587, 0.625303, -0.28772, 0.948855, -0.129888, -0.632761, -0.0865384, 0.769479, 27.1236, 16.939, -10.0714)

[node name="Star7" parent="Environment/Stars" index="7"]
transform = Transform3D(0.48445, 0.87406, 0.0360539, -0.820896, 0.468443, -0.326612, -0.302377, 0.128631, 0.944452, 37.6946, -14.4476, 15.4243)

[node name="Star8" parent="Environment/Stars" index="8"]
transform = Transform3D(-0.23416, 0.883266, -0.406193, -0.922661, -0.333563, -0.193436, -0.306352, 0.32949, 0.893058, -12.9931, -54.1135, 21.5157)

[node name="Star9" parent="Environment/Stars" index="9"]
transform = Transform3D(-0.803359, 0.174973, -0.569187, -0.38761, -0.879277, 0.276783, -0.452046, 0.442985, 0.774206, -66.3993, -41.0411, 0.0231411)

[node name="Star10" parent="Environment/Stars" index="10"]
transform = Transform3D(0.664138, 0.727216, 0.173348, -0.43768, 0.566193, -0.698451, -0.606089, 0.387996, 0.694329, 45.1653, -23.7102, -5.50162)

[node name="Star11" parent="Environment/Stars" index="11"]
transform = Transform3D(0.066001, -0.848963, 0.524291, 0.889539, 0.288108, 0.354535, -0.452049, 0.442985, 0.774201, -22.3082, 58.6626, -19.2815)

[node name="Star12" parent="Environment/Stars" index="12"]
transform = Transform3D(0.594657, -0.358683, 0.719514, 0.528228, 0.848978, -0.0133315, -0.606088, 0.387997, 0.694324, 41.6309, 51.6688, -22.8361)

[node name="PlayerCamera" type="Camera3D" parent="."]
unique_name_in_owner = true
transform = Transform3D(0.129963, 0.121242, -0.984076, 3.53901e-07, 0.992492, 0.122279, 0.991515, -0.0158922, 0.128988, -3.55796, 2.53982, 0.881772)
fov = 65.5

[editable path="FollowPaths/CharacterPath"]
[editable path="FollowPaths/AlienPath"]
[editable path="FollowPaths/LamaPath"]
[editable path="FollowPaths/UfoPath"]
[editable path="FollowPaths/PlayerPath"]
[editable path="Ground/Station/Computers/Computer_01"]
[editable path="Ground/Station/Computers/Computer_03"]
[editable path="Ground/Station/Computers/Computer_04"]
[editable path="Ground/Station/Computers/Computer_05"]
[editable path="Ground/PlanetStardust/LamaLost"]
[editable path="Environment"]
[editable path="Environment/Stars"]
