[gd_scene load_steps=3 format=3 uid="uid://d0xxc1roxyljw"]

[ext_resource type="PackedScene" uid="uid://whalw4rdvy64" path="res://models/character.gltf" id="1"]
[ext_resource type="Material" path="res://materials/character_material.tres" id="2"]

[node name="Character" instance=ExtResource("1")]
transform = Transform3D(1, 0, 0, 0, 1, 0, 0, 0, 1, -10.6656, 2.10132, 5.55682)

[node name="character" parent="." index="0"]
transform = Transform3D(0.999866, 0, -0.0163045, 0, 1, 0, 0.0163045, 0, 0.999865, 0, 0, 0)

[node name="helmet" parent="character" index="0"]
transform = Transform3D(0.997866, -0.0594985, -0.0268609, 0.0610727, 0.996193, 0.0621899, 0.0230585, -0.0636977, 0.997702, 0, 0.359375, 0)

[node name="FaceLight" type="SpotLight3D" parent="character/helmet" index="0"]
transform = Transform3D(1, -5.72763e-08, 4.84288e-08, 2.51457e-08, 0.999521, 0.0309398, -4.47035e-08, -0.0309398, 0.999522, 1.86265e-09, 0.266703, 0.337111)
layers = 2
light_energy = 0.35
light_indirect_energy = 0.0
light_specular = 0.0
shadow_reverse_cull_face = true
spot_range = 0.319
spot_attenuation = 0.217636
spot_angle = 47.92
spot_angle_attenuation = 7.72743

[node name="visor" parent="character/helmet" index="2"]
transform = Transform3D(1, 0, 0, 0, 1, 0, 0, 0, 1, -3.72529e-09, 0.203125, 0.0625)
cast_shadow = 0

[node name="face" parent="character/helmet" index="3"]
transform = Transform3D(1, 9.31322e-10, 7.45058e-09, -9.31322e-10, 1, -7.45058e-09, -7.45059e-09, 7.45058e-09, 1, 0.00768932, 0.217194, 0.0399466)

[node name="glasses" parent="character/helmet/face" index="1"]
material_overlay = ExtResource("2")

[node name="arm_right" parent="character" index="1"]
transform = Transform3D(0.910434, 0.400251, -0.104441, -0.412166, 0.899161, -0.147065, 0.0350463, 0.176939, 0.983598, -0.203125, 0.296875, -2.32831e-10)

[node name="forearm_right" parent="character/arm_right" index="0"]
transform = Transform3D(0.962225, -0.261495, 0.0757897, 0.179371, 0.818303, 0.546083, -0.204817, -0.51186, 0.834296, 0, -0.28125, 7.45058e-09)

[node name="hand_right" parent="character/arm_right/forearm_right" index="0"]
transform = Transform3D(1, -4.47035e-08, 3.72529e-08, 2.98023e-08, 0.997372, 0.0724441, 2.23517e-08, -0.0724442, 0.997372, 0, -0.234375, -7.45058e-09)

[node name="arm_left" parent="character" index="2"]
transform = Transform3D(0.91051, -0.413487, -0.00133677, 0.412812, 0.909199, -0.0542723, 0.0236563, 0.0488636, 0.998526, 0.25, 0.296875, 3.72529e-09)

[node name="forarm_left" parent="character/arm_left" index="0"]
transform = Transform3D(0.772293, 0.037986, -0.634129, 0.634129, -0.105785, 0.765956, -0.0379861, -0.993662, -0.105785, 0, -0.28125, -3.72529e-09)

[node name="backpack" parent="character" index="5"]
transform = Transform3D(1, 0, -7.45058e-09, 0, 1, 0, 7.45058e-09, 0, 1, 0, 0.0625, 0)

[node name="DirectionalLight3D" type="DirectionalLight3D" parent="." index="1"]
transform = Transform3D(0.91569, -0.291101, 0.277077, -0.0114152, 0.670326, 0.741979, -0.401723, -0.682586, 0.610488, 0, 0, 0)
light_energy = 0.307
editor_only = true
