[gd_scene load_steps=7 format=3 uid="uid://dqdal17eldmvk"]

[ext_resource type="PackedScene" uid="uid://bw70w15xhifwc" path="res://ui/game_window.tscn" id="3_ljibd"]
[ext_resource type="Shader" path="res://shaders/toon.gdshader" id="4_x85cq"]
[ext_resource type="PackedScene" uid="uid://dqmb5lg7lcwhf" path="res://ui/control_panel.tscn" id="10_ep7ri"]
[ext_resource type="Script" path="res://game.gd" id="12"]

[sub_resource type="AnimationNodeStateMachinePlayback" id="AnimationNodeStateMachinePlayback_rtoun"]

[sub_resource type="ShaderMaterial" id="ShaderMaterial_nmgur"]
resource_local_to_scene = true
render_priority = 0
shader = ExtResource("4_x85cq")
shader_parameter/albedo = Color(1, 1, 1, 1)
shader_parameter/specular = 0.5
shader_parameter/specular_amount = 0.5
shader_parameter/specular_smoothness = 0.05
shader_parameter/wrap = 0.25
shader_parameter/rim = 0.5
shader_parameter/rim_amount = 0.2
shader_parameter/rim_smoothness = 0.05
shader_parameter/metallic = 0.0
shader_parameter/roughness = 1.0
shader_parameter/emission = Color(0, 0, 0, 1)
shader_parameter/emission_energy = 1.0

[node name="Game" type="Node"]
script = ExtResource("12")

[node name="ControlPanel" parent="." instance=ExtResource("10_ep7ri")]

[node name="GameWindow" parent="." instance=ExtResource("3_ljibd")]
unique_name_in_owner = true
always_on_top = true

[node name="StateTree" parent="GameWindow/ViewportContainer/Viewport/Level" index="0"]
parameters/playback = SubResource("AnimationNodeStateMachinePlayback_rtoun")

[node name="Planet" parent="GameWindow/ViewportContainer/Viewport/Level" index="2"]
transform = Transform3D(-0.249969, 0, -0.00392246, 0, 0.25, 0, 0.00392246, 0, -0.249969, 3.72275, 28.7924, -54.9282)
surface_material_override/0 = SubResource("ShaderMaterial_nmgur")

[node name="Character" parent="GameWindow/ViewportContainer/Viewport" index="1"]
transform = Transform3D(0.963162, 0, -0.268902, 0, 1, 0, 0.268902, 0, 0.963165, -6.33502, 2.10132, 0.0940139)

[node name="Player" parent="GameWindow/ViewportContainer/Viewport" index="2"]
turn_speed = 1.9
position_progress = 0.428
view_progress = 0.287

[node name="Camera3D" parent="GameWindow/ViewportContainer/Viewport/Player" index="0"]
transform = Transform3D(-0.11812, 0.0614333, -0.991097, 1.17347e-07, 0.998084, 0.0618664, 0.992999, 0.00730752, -0.117893, -4.70759, 2.40442, 0.884143)

[node name="PositionTarget" parent="GameWindow/ViewportContainer/Viewport/Player/PositionPath" index="0"]
transform = Transform3D(0.000197553, -0.0374319, 0.999236, 0.102981, 0.993933, 0.0372122, -0.994627, 0.102902, 0.00405131, 0.676762, 0.500502, 0.846592)

[node name="ViewTarget" parent="GameWindow/ViewportContainer/Viewport/Player/ViewPath" index="0"]
transform = Transform3D(-0.204359, 0.067005, 0.976547, 0.0758735, 0.995691, -0.0524402, -0.975906, 0.0633805, -0.208571, 4.25778, 0.356156, 2.3562)

[connection signal="pressed" from="ControlPanel/Panel/MarginContainer/Controls/Control/VBoxContainer/GameControls/HBoxContainer/start_game" to="." method="_on_start_game_pressed"]

[editable path="ControlPanel"]
[editable path="GameWindow"]
[editable path="GameWindow/ViewportContainer/Viewport/Level"]
[editable path="GameWindow/ViewportContainer/Viewport/Level/Environment"]
[editable path="GameWindow/ViewportContainer/Viewport/Player"]
