[gd_scene load_steps=9 format=3 uid="uid://bq23ckwovuhf4"]

[ext_resource type="PackedScene" uid="uid://dybngyd2g0glm" path="res://characters/alien/alien.gltf" id="1_wlnkb"]

[sub_resource type="AnimationNodeAnimation" id="AnimationNodeAnimation_x20my"]
animation = &"idle"

[sub_resource type="AnimationNodeStateMachineTransition" id="AnimationNodeStateMachineTransition_tisce"]
advance_mode = 2

[sub_resource type="AnimationNodeStateMachine" id="AnimationNodeStateMachine_c22q4"]
states/End/position = Vector2(1035, 93)
states/Start/position = Vector2(168, 93)
states/idle/node = SubResource("AnimationNodeAnimation_x20my")
states/idle/position = Vector2(347, 93)
transitions = ["Start", "idle", SubResource("AnimationNodeStateMachineTransition_tisce")]

[sub_resource type="AnimationNodeStateMachinePlayback" id="AnimationNodeStateMachinePlayback_51nlo"]

[sub_resource type="Animation" id="Animation_xxhm2"]
length = 0.001
tracks/0/type = "value"
tracks/0/imported = false
tracks/0/enabled = true
tracks/0/path = NodePath("alien/arm_right:rotation")
tracks/0/interp = 1
tracks/0/loop_wrap = true
tracks/0/keys = {
"times": PackedFloat32Array(0),
"transitions": PackedFloat32Array(1),
"update": 0,
"values": [Vector3(-0.10356, -0.149164, -1.97781)]
}
tracks/1/type = "value"
tracks/1/imported = false
tracks/1/enabled = true
tracks/1/path = NodePath("alien/arm_left/forearm_left:rotation")
tracks/1/interp = 1
tracks/1/loop_wrap = true
tracks/1/keys = {
"times": PackedFloat32Array(0),
"transitions": PackedFloat32Array(1),
"update": 0,
"values": [Vector3(-0.492753, -0.970212, 1.4582)]
}
tracks/2/type = "value"
tracks/2/imported = false
tracks/2/enabled = true
tracks/2/path = NodePath("alien/arm_right/forearm_right:rotation")
tracks/2/interp = 1
tracks/2/loop_wrap = true
tracks/2/keys = {
"times": PackedFloat32Array(0),
"transitions": PackedFloat32Array(1),
"update": 0,
"values": [Vector3(0.106504, -0.48659, -0.0589828)]
}

[sub_resource type="Animation" id="Animation_1i5k6"]
resource_name = "idle"
length = 5.0
loop_mode = 1
tracks/0/type = "value"
tracks/0/imported = false
tracks/0/enabled = true
tracks/0/path = NodePath("./alien/head:rotation_degrees")
tracks/0/interp = 2
tracks/0/loop_wrap = true
tracks/0/keys = {
"times": PackedFloat32Array(0.5, 1.05, 1.84, 2.04831, 2.32, 2.57, 2.81, 3.1, 3.58378, 4.24),
"transitions": PackedFloat32Array(1, 1, 1, 1, 1, 1, 1, 1, 1, 1),
"update": 0,
"values": [Vector3(-2.98755, -3.83821, 5.49471), Vector3(-3.38524, 4.29151, -1.49945), Vector3(2.6828, 2.5232, -0.2232), Vector3(-3.38524, 4.29151, -1.49945), Vector3(-6.46243, 5.11161, -2.03858), Vector3(6.20206, 5.77078, -2.9698), Vector3(-6.46243, 5.11161, -2.03858), Vector3(-3.38524, 4.29151, -1.49945), Vector3(6.27315, 7.29077, -3.84376), Vector3(-3.38524, 4.29151, -1.49945)]
}
tracks/1/type = "value"
tracks/1/imported = false
tracks/1/enabled = true
tracks/1/path = NodePath("./alien/arm_left:rotation_degrees")
tracks/1/interp = 2
tracks/1/loop_wrap = true
tracks/1/keys = {
"times": PackedFloat32Array(0, 0.4, 1.14),
"transitions": PackedFloat32Array(1, 1, 1),
"update": 0,
"values": [Vector3(3.1111, -0.0767045, 24.4199), Vector3(14.4125, 5.20044, 25.2282), Vector3(14.4125, 5.20044, 25.2282)]
}
tracks/2/type = "value"
tracks/2/imported = false
tracks/2/enabled = true
tracks/2/path = NodePath("alien/arm_right:rotation")
tracks/2/interp = 2
tracks/2/loop_wrap = true
tracks/2/keys = {
"times": PackedFloat32Array(1.1, 4),
"transitions": PackedFloat32Array(1, 1),
"update": 0,
"values": [Vector3(-0.10356, -0.149164, -1.97781), Vector3(0.1309, 0.0401426, -1.76453)]
}
tracks/3/type = "value"
tracks/3/imported = false
tracks/3/enabled = true
tracks/3/path = NodePath("alien/arm_left/forearm_left:rotation")
tracks/3/interp = 2
tracks/3/loop_wrap = true
tracks/3/keys = {
"times": PackedFloat32Array(0.6, 1.3, 2.2, 2.7, 3.3),
"transitions": PackedFloat32Array(1, 1, 1, 1, 1),
"update": 0,
"values": [Vector3(-0.492753, -0.970212, 1.4582), Vector3(-0.842405, -0.701013, 1.08218), Vector3(-0.492753, -0.970212, 1.4582), Vector3(-0.842405, -0.701013, 1.08218), Vector3(-0.492753, -0.970212, 1.4582)]
}
tracks/4/type = "value"
tracks/4/imported = false
tracks/4/enabled = true
tracks/4/path = NodePath("alien/arm_right/forearm_right:rotation")
tracks/4/interp = 2
tracks/4/loop_wrap = true
tracks/4/keys = {
"times": PackedFloat32Array(0.8, 2.2, 2.8, 3.89087),
"transitions": PackedFloat32Array(1, 1, 1, 1),
"update": 0,
"values": [Vector3(0.127409, -0.015708, 0.272271), Vector3(0.106504, -0.48659, -0.0589828), Vector3(0.127409, -0.015708, 0.272271), Vector3(0.106504, -0.48659, -0.0589828)]
}

[sub_resource type="AnimationLibrary" id="AnimationLibrary_xq8q3"]
_data = {
"RESET": SubResource("Animation_xxhm2"),
"idle": SubResource("Animation_1i5k6")
}

[node name="Alien" instance=ExtResource("1_wlnkb")]

[node name="ActionTree" type="AnimationTree" parent="." index="0"]
unique_name_in_owner = true
tree_root = SubResource("AnimationNodeStateMachine_c22q4")
anim_player = NodePath("ActionPlayer")
active = true
parameters/playback = SubResource("AnimationNodeStateMachinePlayback_51nlo")

[node name="ActionPlayer" type="AnimationPlayer" parent="ActionTree" index="0"]
root_node = NodePath("../..")
autoplay = "idle"
libraries = {
"": SubResource("AnimationLibrary_xq8q3")
}

[node name="alien" parent="." index="1"]
transform = Transform3D(-1, 0, -8.74228e-08, 0, 1, 0, 8.74228e-08, 0, -1, 0, 0, 0)

[node name="head" parent="alien" index="0"]
transform = Transform3D(0.994864, 0.0379987, 0.0938298, -0.0417509, 0.998393, 0.0383544, -0.0922216, -0.0420749, 0.994848, 0, 1.34375, -5.75928e-16)

[node name="arm_left" parent="alien" index="1"]
transform = Transform3D(0.911688, -0.410146, -0.024618, 0.410167, 0.911999, -0.0044388, 0.0242722, -0.0060507, 0.999688, 0.15625, 1.26563, 9.31322e-10)

[node name="forearm_left" parent="alien/arm_left" index="0"]
transform = Transform3D(0.451297, -0.517696, -0.726858, 0.875455, 0.0989918, 0.473053, -0.172945, -0.849819, 0.497894, 0.265625, 7.15256e-07, -9.68575e-08)

[node name="arm_right" parent="alien" index="3"]
transform = Transform3D(-0.40558, 0.902028, -0.147815, -0.913387, -0.393748, 0.103375, 0.0350452, 0.176939, 0.983598, -0.15625, 1.26563, 9.31322e-10)

[node name="forearm_right" parent="alien/arm_right" index="0"]
transform = Transform3D(0.885325, 0.00248433, -0.464965, -0.0586146, 0.992605, -0.106303, 0.461262, 0.121366, 0.878924, 0.264508, -0.0193959, 0.0146966)
