[gd_scene load_steps=14 format=3 uid="uid://bbugqyxo4xw7n"]

[ext_resource type="PackedScene" uid="uid://d0f416j3xmved" path="res://characters/alien/ufo.gltf" id="1_1cqd3"]
[ext_resource type="Script" path="res://characters/alien/ufo.gd" id="2_dq5n3"]
[ext_resource type="PackedScene" uid="uid://bq23ckwovuhf4" path="res://characters/alien/alien.tscn" id="2_dwwl8"]
[ext_resource type="Material" uid="uid://eivgxthmke74" path="res://characters/alien/materials/ufo_beam_material.tres" id="3_ju5pg"]
[ext_resource type="AudioStream" uid="uid://o3h7jy5iix8l" path="res://audio/effects/warble_loop_01.wav" id="3_yv0qb"]

[sub_resource type="AnimationNodeAnimation" id="AnimationNodeAnimation_bbquf"]
animation = &"idle"

[sub_resource type="AnimationNodeTimeScale" id="AnimationNodeTimeScale_yse6w"]

[sub_resource type="AnimationNodeBlendTree" id="AnimationNodeBlendTree_m1lfx"]
nodes/Animation/node = SubResource("AnimationNodeAnimation_bbquf")
nodes/Animation/position = Vector2(380, 140)
nodes/TimeScale/node = SubResource("AnimationNodeTimeScale_yse6w")
nodes/TimeScale/position = Vector2(580, 140)
nodes/output/position = Vector2(740, 140)
node_connections = [&"output", 0, &"TimeScale", &"TimeScale", 0, &"Animation"]

[sub_resource type="Animation" id="Animation_bgnuo"]
length = 0.001
tracks/0/type = "value"
tracks/0/imported = false
tracks/0/enabled = true
tracks/0/path = NodePath("ufo/ring_light:rotation")
tracks/0/interp = 1
tracks/0/loop_wrap = true
tracks/0/keys = {
"times": PackedFloat32Array(0),
"transitions": PackedFloat32Array(1),
"update": 0,
"values": [Vector3(0, 0, 0)]
}
tracks/1/type = "value"
tracks/1/imported = false
tracks/1/enabled = true
tracks/1/path = NodePath("ufo:rotation")
tracks/1/interp = 1
tracks/1/loop_wrap = true
tracks/1/keys = {
"times": PackedFloat32Array(0),
"transitions": PackedFloat32Array(1),
"update": 0,
"values": [Vector3(0, 0.116937, -0.116937)]
}
tracks/2/type = "value"
tracks/2/imported = false
tracks/2/enabled = true
tracks/2/path = NodePath("ufo:position")
tracks/2/interp = 1
tracks/2/loop_wrap = true
tracks/2/keys = {
"times": PackedFloat32Array(0),
"transitions": PackedFloat32Array(1),
"update": 0,
"values": [Vector3(0, 0, 0)]
}

[sub_resource type="Animation" id="Animation_f1na4"]
resource_name = "idle"
length = 8.0
loop_mode = 1
tracks/0/type = "value"
tracks/0/imported = false
tracks/0/enabled = true
tracks/0/path = NodePath("ufo/ring_light:rotation")
tracks/0/interp = 1
tracks/0/loop_wrap = true
tracks/0/keys = {
"times": PackedFloat32Array(0, 8),
"transitions": PackedFloat32Array(1, 1),
"update": 0,
"values": [Vector3(0, 0, 0), Vector3(0, 6.28319, 0)]
}
tracks/1/type = "value"
tracks/1/imported = false
tracks/1/enabled = true
tracks/1/path = NodePath("ufo:rotation")
tracks/1/interp = 2
tracks/1/loop_wrap = true
tracks/1/keys = {
"times": PackedFloat32Array(0.6, 2.8, 4.6, 7.1),
"transitions": PackedFloat32Array(1, 1, 1, 1),
"update": 0,
"values": [Vector3(0, 0, 0), Vector3(0, 0.0750492, -0.0575959), Vector3(-0.113446, -0.109956, 0.109956), Vector3(-0.0820305, -0.151844, -0.0366519)]
}
tracks/2/type = "value"
tracks/2/imported = false
tracks/2/enabled = true
tracks/2/path = NodePath("ufo:position")
tracks/2/interp = 2
tracks/2/loop_wrap = true
tracks/2/keys = {
"times": PackedFloat32Array(2, 4.1, 6.1),
"transitions": PackedFloat32Array(1, 1, 1),
"update": 0,
"values": [Vector3(0, 0, 0), Vector3(0.069, -0.049, 0), Vector3(-0.214, 0.243, 0.103)]
}

[sub_resource type="AnimationLibrary" id="AnimationLibrary_6s5j1"]
_data = {
"RESET": SubResource("Animation_bgnuo"),
"idle": SubResource("Animation_f1na4")
}

[sub_resource type="Animation" id="Animation_ci2oy"]
resource_name = "open"
length = 0.5

[sub_resource type="AnimationLibrary" id="AnimationLibrary_ixaje"]
_data = {
"open": SubResource("Animation_ci2oy")
}

[node name="Ufo" instance=ExtResource("1_1cqd3")]
script = ExtResource("2_dq5n3")
beam_active = true

[node name="AnimationTree" type="AnimationTree" parent="." index="0"]
tree_root = SubResource("AnimationNodeBlendTree_m1lfx")
anim_player = NodePath("../AnimationPlayer")
active = true
parameters/TimeScale/scale = 0.52

[node name="AnimationPlayer" type="AnimationPlayer" parent="." index="1"]
libraries = {
"": SubResource("AnimationLibrary_6s5j1"),
"speakers": SubResource("AnimationLibrary_ixaje")
}

[node name="BeamLookTarget" type="Marker3D" parent="." index="2"]
unique_name_in_owner = true
transform = Transform3D(1, 0, 0, 0, 1, 0, 0, 0, 1, 0.2, -4.421, 0)

[node name="EngineSounds" type="AudioStreamPlayer3D" parent="." index="3"]
unique_name_in_owner = true
transform = Transform3D(0.995161, 0.0293271, -0.0937805, -0.0249109, 0.998541, 0.0479204, 0.095049, -0.0453523, 0.994439, -0.191075, 0.208019, 0.0818393)
stream = ExtResource("3_yv0qb")
volume_db = -45.0
unit_size = 16.74
max_db = -13.18
pitch_scale = 0.8

[node name="ufo" parent="." index="4"]
transform = Transform3D(0.986388, 0.115874, 0.116671, -0.116671, 0.993171, 0, -0.115874, -0.013612, 0.99317, 0, 0, 0)

[node name="BeamTransform3D" type="RemoteTransform3D" parent="ufo" index="0"]
unique_name_in_owner = true
transform = Transform3D(0.999375, -0.0237991, 0.0261541, 0.0239976, 0.999685, -0.0073032, -0.0259721, 0.00792627, 0.999631, 0, -0.7, 0)
remote_path = NodePath("../beam")
update_rotation = false

[node name="Alien" parent="ufo" index="1" instance=ExtResource("2_dwwl8")]
transform = Transform3D(1, 0, 0, 0, 1, 0, 0, 0, 1, 0.140122, -0.184915, 0.0138138)

[node name="ring_light" parent="ufo" index="4"]
transform = Transform3D(0.999999, 0, 0, 0, 1, 0, 0, 0, 0.999999, 0, 0, 0)

[node name="beam" parent="ufo" index="5"]
transform = Transform3D(-0.994241, -0.0540746, -0.0925315, -0.0934125, 0.0139913, 0.995529, -0.0525382, 0.998439, -0.0189619, -1.86265e-09, -0.7, -6.98492e-10)
surface_material_override/0 = ExtResource("3_ju5pg")

[node name="OmniLight3D" type="OmniLight3D" parent="ufo" index="14"]
transform = Transform3D(0.996755, -0.0776546, -0.0212205, 0.0773998, 0.996921, -0.0125754, 0.0221317, 0.0108922, 0.999696, -0.130048, 1.39157, -0.216589)
light_energy = 0.102
omni_range = 1.6

[node name="speaker_right" parent="ufo" index="15"]
transform = Transform3D(0.906308, 0.328436, -0.265962, 0, 0.629321, 0.777146, 0.422618, -0.704334, 0.570358, 0.390625, 0.5, -0.96875)

[node name="speaker_left" parent="ufo" index="16"]
transform = Transform3D(0.906308, -0.328436, 0.265962, 0, 0.629321, 0.777146, -0.422618, -0.704334, 0.570358, -0.390625, 0.5, -0.96875)

[node name="VisibleOnScreenNotifier3D" type="VisibleOnScreenNotifier3D" parent="." index="5"]
transform = Transform3D(1, 0, 0, 0, 1, 0, 0, 0, 1, 0, 0.4, 0)
aabb = AABB(-1.4, -0.8, -1.4, 2.8, 1.6, 2.8)

[connection signal="screen_entered" from="VisibleOnScreenNotifier3D" to="." method="_on_visible_on_screen_notifier_3d_screen_entered" flags=18]
[connection signal="screen_exited" from="VisibleOnScreenNotifier3D" to="." method="_on_visible_on_screen_notifier_3d_screen_exited" flags=18]
