[gd_scene load_steps=15 format=3 uid="uid://cq3x5n33r2d8c"]

[ext_resource type="PackedScene" uid="uid://whalw4rdvy64" path="res://characters/character/character.gltf" id="1"]
[ext_resource type="Script" path="res://characters/character/character.gd" id="2_bwdwg"]
[ext_resource type="AnimationLibrary" uid="uid://c4hslfw7atlus" path="res://characters/character/character_actions.tres" id="4_cmukm"]

[sub_resource type="AnimationNodeAnimation" id="AnimationNodeAnimation_q88u6"]
animation = &"RESET"

[sub_resource type="AnimationNodeAnimation" id="AnimationNodeAnimation_kjlnr"]
animation = &"actions/idle"

[sub_resource type="AnimationNodeAnimation" id="AnimationNodeAnimation_3i75r"]
animation = &"actions/talk"

[sub_resource type="AnimationNodeStateMachineTransition" id="AnimationNodeStateMachineTransition_bftsn"]
switch_mode = 2
advance_mode = 2

[sub_resource type="AnimationNodeStateMachineTransition" id="AnimationNodeStateMachineTransition_fwopg"]
xfade_time = 0.46

[sub_resource type="AnimationNodeStateMachineTransition" id="AnimationNodeStateMachineTransition_n4doy"]
xfade_time = 0.89

[sub_resource type="AnimationNodeStateMachine" id="AnimationNodeStateMachine_gqfoj"]
states/idle/node = SubResource("AnimationNodeAnimation_kjlnr")
states/idle/position = Vector2(354, 100)
states/talking/node = SubResource("AnimationNodeAnimation_3i75r")
states/talking/position = Vector2(482, 100)
transitions = ["Start", "idle", SubResource("AnimationNodeStateMachineTransition_bftsn"), "idle", "talking", SubResource("AnimationNodeStateMachineTransition_fwopg"), "talking", "idle", SubResource("AnimationNodeStateMachineTransition_n4doy")]

[sub_resource type="AnimationNodeBlendTree" id="AnimationNodeBlendTree_83bbb"]
graph_offset = Vector2(-158.231, -140)
nodes/Animation/node = SubResource("AnimationNodeAnimation_q88u6")
nodes/Animation/position = Vector2(40, -80)
nodes/action/node = SubResource("AnimationNodeStateMachine_gqfoj")
nodes/action/position = Vector2(40, 100)
nodes/output/position = Vector2(440, -20)
node_connections = [&"output", 0, &"action"]

[sub_resource type="AnimationNodeStateMachinePlayback" id="AnimationNodeStateMachinePlayback_qbmux"]

[sub_resource type="Animation" id="Animation_oa1q3"]
resource_name = "RESET"
length = 0.001
tracks/0/type = "value"
tracks/0/imported = false
tracks/0/enabled = true
tracks/0/path = NodePath("character:rotation")
tracks/0/interp = 1
tracks/0/loop_wrap = true
tracks/0/keys = {
"times": PackedFloat32Array(0),
"transitions": PackedFloat32Array(1),
"update": 0,
"values": [Vector3(0, 0, 0)]
}
tracks/1/type = "value"
tracks/1/imported = false
tracks/1/enabled = true
tracks/1/path = NodePath("character/arm_left:rotation")
tracks/1/interp = 1
tracks/1/loop_wrap = true
tracks/1/keys = {
"times": PackedFloat32Array(0),
"transitions": PackedFloat32Array(1),
"update": 0,
"values": [Vector3(0, 0, -0.349066)]
}
tracks/2/type = "value"
tracks/2/imported = false
tracks/2/enabled = true
tracks/2/path = NodePath("character/arm_right:rotation")
tracks/2/interp = 1
tracks/2/loop_wrap = true
tracks/2/keys = {
"times": PackedFloat32Array(0),
"transitions": PackedFloat32Array(1),
"update": 0,
"values": [Vector3(0, 0, 0.349066)]
}
tracks/3/type = "value"
tracks/3/imported = false
tracks/3/enabled = true
tracks/3/path = NodePath("character/arm_right/forarm_right:rotation")
tracks/3/interp = 1
tracks/3/loop_wrap = true
tracks/3/keys = {
"times": PackedFloat32Array(0),
"transitions": PackedFloat32Array(1),
"update": 0,
"values": [Vector3(0.318226, 1.38059e-08, 4.41249e-08)]
}

[sub_resource type="AnimationLibrary" id="AnimationLibrary_twnuj"]
_data = {
"RESET": SubResource("Animation_oa1q3")
}

[node name="Character" instance=ExtResource("1")]
script = ExtResource("2_bwdwg")
audio_folder = "res://audio/script"

[node name="StateTree" type="AnimationTree" parent="." index="0"]
unique_name_in_owner = true
tree_root = SubResource("AnimationNodeBlendTree_83bbb")
anim_player = NodePath("AnimationPlayer")
active = true
parameters/action/playback = SubResource("AnimationNodeStateMachinePlayback_qbmux")

[node name="AnimationPlayer" type="AnimationPlayer" parent="StateTree" index="0"]
root_node = NodePath("../..")
libraries = {
"": SubResource("AnimationLibrary_twnuj"),
"actions": ExtResource("4_cmukm")
}

[node name="helmet" parent="character" index="0"]
transform = Transform3D(0.996764, 0.0235419, 0.076871, -0.02804, 0.997924, 0.0579693, -0.0753468, -0.0599371, 0.995355, 0, 0.359375, -0.03125)

[node name="face" parent="character/helmet" index="2"]
transform = Transform3D(0.995117, -0.00207201, -0.0986689, 5.51271e-11, 0.999779, -0.0209951, 0.0986905, 0.0208926, 0.994899, 0, 0.21875, 0.03125)

[node name="AudioPlayer" type="AudioStreamPlayer3D" parent="character/helmet/face" index="0"]
unique_name_in_owner = true
transform = Transform3D(0.997942, -0.0639902, 0.00430975, 0.063585, 0.995928, 0.0639142, -0.00838205, -0.0635085, 0.997945, -0.021741, 0.0576075, -0.0398765)

[node name="OmniLight3D" type="OmniLight3D" parent="character/helmet/face" index="3"]
transform = Transform3D(1, -2.79397e-09, 0, 0, 1, -3.72529e-09, 0, 0, 1, -0.00121768, 0.0733966, -0.0618677)
light_color = Color(0.788235, 0.788235, 0.788235, 1)
omni_range = 0.257751
omni_attenuation = 0.420448

[node name="arm_right" parent="character" index="1"]
transform = Transform3D(0.939692, -0.34202, 0, 0.34202, 0.939693, 0, 0, 0, 1, 0.1875, 0.28125, -0.015625)

[node name="forarm_right" parent="character/arm_right" index="0"]
transform = Transform3D(1, -3.98053e-08, 1.31127e-08, 4.19095e-08, 0.949792, -0.312882, -7.99361e-15, 0.312882, 0.949792, 5.96046e-08, -0.28125, -1.49012e-08)

[node name="arm_left" parent="character" index="5"]
transform = Transform3D(0.939692, 0.34202, 0, -0.34202, 0.939692, 0, 0, 0, 1, -0.21875, 0.28125, -0.015625)
