[gd_scene load_steps=24 format=3 uid="uid://cq3x5n33r2d8c"]

[ext_resource type="PackedScene" uid="uid://whalw4rdvy64" path="res://characters/character/character.gltf" id="1"]
[ext_resource type="Material" uid="uid://bx7exngufqj3u" path="res://characters/character/materials/character_material.tres" id="2"]
[ext_resource type="Script" path="res://characters/character/character.gd" id="2_bwdwg"]
[ext_resource type="AnimationLibrary" uid="uid://bbcnd7nev7420" path="res://characters/character/materials/character_positions.tres" id="3_y5uxh"]
[ext_resource type="AnimationLibrary" uid="uid://c4hslfw7atlus" path="res://characters/character/character_actions.tres" id="4_cmukm"]

[sub_resource type="AnimationNodeAnimation" id="AnimationNodeAnimation_srqh5"]
animation = &"character_positions/enter_spaceship"

[sub_resource type="AnimationNodeAnimation" id="AnimationNodeAnimation_d7xpr"]
animation = &"character/position_intro"

[sub_resource type="AnimationNodeAnimation" id="AnimationNodeAnimation_g5yjc"]
animation = &"character_positions/cockpit_sitting"

[sub_resource type="AnimationNodeAnimation" id="AnimationNodeAnimation_qeutw"]
animation = &"character_positions/cockpit_standing"

[sub_resource type="AnimationNodeStateMachineTransition" id="AnimationNodeStateMachineTransition_cdeol"]
switch_mode = 2
advance_mode = 2

[sub_resource type="AnimationNodeStateMachineTransition" id="AnimationNodeStateMachineTransition_jvddq"]
switch_mode = 2

[sub_resource type="AnimationNodeStateMachineTransition" id="AnimationNodeStateMachineTransition_al8lj"]
xfade_time = 1.08
switch_mode = 2

[sub_resource type="AnimationNodeStateMachineTransition" id="AnimationNodeStateMachineTransition_w2pdv"]
xfade_time = 0.77
switch_mode = 2

[sub_resource type="AnimationNodeStateMachineTransition" id="AnimationNodeStateMachineTransition_5f8b1"]
xfade_time = 0.59
switch_mode = 2

[sub_resource type="AnimationNodeStateMachineTransition" id="AnimationNodeStateMachineTransition_mpnd6"]
xfade_time = 1.18
switch_mode = 2

[sub_resource type="AnimationNodeStateMachine" id="AnimationNodeStateMachine_h65gc"]
states/End/position = Vector2(1320, 76)
states/Start/position = Vector2(168, 93)
states/enter_spaceship/node = SubResource("AnimationNodeAnimation_srqh5")
states/enter_spaceship/position = Vector2(510, 93)
states/intro/node = SubResource("AnimationNodeAnimation_d7xpr")
states/intro/position = Vector2(331, 93)
states/sitting/node = SubResource("AnimationNodeAnimation_g5yjc")
states/sitting/position = Vector2(852, 93)
states/standing/node = SubResource("AnimationNodeAnimation_qeutw")
states/standing/position = Vector2(693, 93)
transitions = ["Start", "intro", SubResource("AnimationNodeStateMachineTransition_cdeol"), "intro", "enter_spaceship", SubResource("AnimationNodeStateMachineTransition_jvddq"), "enter_spaceship", "standing", SubResource("AnimationNodeStateMachineTransition_al8lj"), "standing", "sitting", SubResource("AnimationNodeStateMachineTransition_w2pdv"), "sitting", "standing", SubResource("AnimationNodeStateMachineTransition_5f8b1"), "standing", "enter_spaceship", SubResource("AnimationNodeStateMachineTransition_mpnd6")]

[sub_resource type="AnimationNodeStateMachinePlayback" id="AnimationNodeStateMachinePlayback_kj0so"]

[sub_resource type="Animation" id="Animation_oa1q3"]
resource_name = "RESET"
length = 0.001
tracks/0/type = "value"
tracks/0/imported = false
tracks/0/enabled = true
tracks/0/path = NodePath(".:position")
tracks/0/interp = 1
tracks/0/loop_wrap = true
tracks/0/keys = {
"times": PackedFloat32Array(0),
"transitions": PackedFloat32Array(1),
"update": 0,
"values": [Vector3(-6.33502, 2.10132, 0.0940139)]
}
tracks/1/type = "value"
tracks/1/imported = false
tracks/1/enabled = true
tracks/1/path = NodePath(".:rotation")
tracks/1/interp = 1
tracks/1/loop_wrap = true
tracks/1/keys = {
"times": PackedFloat32Array(0),
"transitions": PackedFloat32Array(1),
"update": 0,
"values": [Vector3(0, -0.272254, 0)]
}
tracks/2/type = "value"
tracks/2/imported = false
tracks/2/enabled = true
tracks/2/path = NodePath(".:visible")
tracks/2/interp = 1
tracks/2/loop_wrap = true
tracks/2/keys = {
"times": PackedFloat32Array(0),
"transitions": PackedFloat32Array(1),
"update": 0,
"values": [true]
}

[sub_resource type="AnimationLibrary" id="AnimationLibrary_twnuj"]
_data = {
"RESET": SubResource("Animation_oa1q3")
}

[sub_resource type="AnimationNodeAnimation" id="AnimationNodeAnimation_x20my"]
animation = &"character_actions/idle"

[sub_resource type="AnimationNodeStateMachineTransition" id="AnimationNodeStateMachineTransition_tisce"]
advance_mode = 2

[sub_resource type="AnimationNodeStateMachine" id="AnimationNodeStateMachine_kkj1q"]
states/End/position = Vector2(1035, 93)
states/Start/position = Vector2(168, 93)
states/idle/node = SubResource("AnimationNodeAnimation_x20my")
states/idle/position = Vector2(347, 93)
transitions = ["Start", "idle", SubResource("AnimationNodeStateMachineTransition_tisce")]

[sub_resource type="AnimationNodeStateMachinePlayback" id="AnimationNodeStateMachinePlayback_ps5x4"]

[node name="Character" instance=ExtResource("1")]
transform = Transform3D(0.963167, 0, -0.268903, 0, 1, 0, 0.268903, 0, 0.963167, -6.33502, 2.10132, 0.0940139)
script = ExtResource("2_bwdwg")
state = "enter_spaceship"

[node name="StateTree" type="AnimationTree" parent="." index="0"]
unique_name_in_owner = true
tree_root = SubResource("AnimationNodeStateMachine_h65gc")
anim_player = NodePath("AnimationPlayer")
active = true
parameters/playback = SubResource("AnimationNodeStateMachinePlayback_kj0so")

[node name="AnimationPlayer" type="AnimationPlayer" parent="StateTree" index="0"]
root_node = NodePath("../..")
libraries = {
"": SubResource("AnimationLibrary_twnuj"),
"character_positions": ExtResource("3_y5uxh")
}

[node name="ActionTree" type="AnimationTree" parent="." index="1"]
unique_name_in_owner = true
tree_root = SubResource("AnimationNodeStateMachine_kkj1q")
anim_player = NodePath("ActionPlayer")
active = true
parameters/playback = SubResource("AnimationNodeStateMachinePlayback_ps5x4")

[node name="ActionPlayer" type="AnimationPlayer" parent="ActionTree" index="0"]
root_node = NodePath("../..")
autoplay = "idle"
libraries = {
"": SubResource("AnimationLibrary_twnuj"),
"character_actions": ExtResource("4_cmukm")
}

[node name="character" parent="." index="2"]
transform = Transform3D(0.997993, 0, 0.0633132, 0, 1, 0, -0.0633133, 0, 0.997991, 0, 0, 0)
surface_material_override/0 = ExtResource("2")

[node name="helmet" parent="character" index="0"]
transform = Transform3D(0.997779, -0.0605654, -0.0276497, 0.0620398, 0.996499, 0.0560135, 0.0241604, -0.0576046, 0.998046, 0, 0.359375, 0)

[node name="FaceLight" type="SpotLight3D" parent="character/helmet" index="0"]
transform = Transform3D(1, -5.72763e-08, 4.84288e-08, 2.51457e-08, 0.999521, 0.0309398, -4.47035e-08, -0.0309398, 0.999522, 1.86265e-09, 0.266703, 0.337111)
layers = 2
light_color = Color(0.560784, 0.560784, 0.560784, 1)
light_energy = 0.084
light_indirect_energy = 0.0
light_specular = 0.0
shadow_reverse_cull_face = true
spot_range = 0.386
spot_attenuation = 1.80249
spot_angle = 54.85
spot_angle_attenuation = 0.0853768

[node name="visor" parent="character/helmet" index="2"]
transform = Transform3D(1, 0, 0, 0, 1, 0, 0, 0, 1, -3.72529e-09, 0.203125, 0.0625)
cast_shadow = 0

[node name="face" parent="character/helmet" index="3"]
transform = Transform3D(0.99807, -0.00149057, -0.0620729, 6.27465e-11, 0.999711, -0.0240062, 0.0620908, 0.0239599, 0.997783, 0.00768932, 0.217194, 0.0399466)

[node name="glasses" parent="character/helmet/face" index="1"]
material_overlay = ExtResource("2")

[node name="arm_right" parent="character" index="1"]
transform = Transform3D(0.910434, 0.400251, -0.104441, -0.412166, 0.899161, -0.147065, 0.0350463, 0.176939, 0.983598, -0.203125, 0.296875, -2.32831e-10)

[node name="forearm_right" parent="character/arm_right" index="0"]
transform = Transform3D(0.962225, -0.261495, 0.0757897, 0.179371, 0.818303, 0.546083, -0.204817, -0.51186, 0.834296, 0, -0.28125, 7.45058e-09)

[node name="hand_right" parent="character/arm_right/forearm_right" index="0"]
transform = Transform3D(1, -4.47035e-08, 3.72529e-08, 2.98023e-08, 0.997372, 0.0724441, 2.23517e-08, -0.0724442, 0.997372, 0, -0.234375, -7.45058e-09)

[node name="arm_left" parent="character" index="2"]
transform = Transform3D(0.911375, -0.398375, 0.103424, 0.410891, 0.866101, -0.284674, 0.0238314, 0.30194, 0.953029, 0.25, 0.296875, 3.72529e-09)

[node name="forarm_left" parent="character/arm_left" index="0"]
transform = Transform3D(0.871356, -0.227564, -0.434686, 0.434686, 0.768939, 0.468807, 0.227564, -0.597451, 0.768939, 0, -0.28125, -3.72529e-09)

[node name="backpack" parent="character" index="5"]
transform = Transform3D(1, 0, -7.45058e-09, 0, 1, 0, 7.45058e-09, 0, 1, 0, 0.0625, 0)
