[gd_scene load_steps=27 format=3 uid="uid://cq3x5n33r2d8c"]

[ext_resource type="PackedScene" uid="uid://whalw4rdvy64" path="res://characters/character/character.gltf" id="1"]
[ext_resource type="Material" uid="uid://bx7exngufqj3u" path="res://characters/character/materials/character_material.tres" id="2"]
[ext_resource type="Script" path="res://characters/character/character.gd" id="2_bwdwg"]
[ext_resource type="AnimationLibrary" uid="uid://c4hslfw7atlus" path="res://characters/character/character_actions.tres" id="4_cmukm"]

[sub_resource type="AnimationNodeAnimation" id="AnimationNodeAnimation_kjlnr"]
animation = &"actions/idle"

[sub_resource type="AnimationNodeAnimation" id="AnimationNodeAnimation_3i75r"]
animation = &"actions/talk"

[sub_resource type="AnimationNodeStateMachineTransition" id="AnimationNodeStateMachineTransition_bftsn"]
switch_mode = 2
advance_mode = 2

[sub_resource type="AnimationNodeStateMachineTransition" id="AnimationNodeStateMachineTransition_fwopg"]
xfade_time = 0.46

[sub_resource type="AnimationNodeStateMachineTransition" id="AnimationNodeStateMachineTransition_n4doy"]
xfade_time = 0.89

[sub_resource type="AnimationNodeStateMachine" id="AnimationNodeStateMachine_gqfoj"]
states/idle/node = SubResource("AnimationNodeAnimation_kjlnr")
states/idle/position = Vector2(354, 100)
states/talking/node = SubResource("AnimationNodeAnimation_3i75r")
states/talking/position = Vector2(482, 100)
transitions = ["Start", "idle", SubResource("AnimationNodeStateMachineTransition_bftsn"), "idle", "talking", SubResource("AnimationNodeStateMachineTransition_fwopg"), "talking", "idle", SubResource("AnimationNodeStateMachineTransition_n4doy")]

[sub_resource type="AnimationNodeAdd2" id="AnimationNodeAdd2_jxsib"]

[sub_resource type="AnimationNodeAnimation" id="AnimationNodeAnimation_vs4va"]
animation = &"positions/enter_spaceship"

[sub_resource type="AnimationNodeAnimation" id="AnimationNodeAnimation_mkn6m"]
animation = &"positions/intro"

[sub_resource type="AnimationNodeAnimation" id="AnimationNodeAnimation_qgw3k"]
animation = &"positions/cockpit_sitting"

[sub_resource type="AnimationNodeAnimation" id="AnimationNodeAnimation_oxh5o"]
animation = &"positions/cockpit_standing"

[sub_resource type="AnimationNodeStateMachineTransition" id="AnimationNodeStateMachineTransition_81ykl"]
switch_mode = 2

[sub_resource type="AnimationNodeStateMachineTransition" id="AnimationNodeStateMachineTransition_oq8ni"]
switch_mode = 2

[sub_resource type="AnimationNodeStateMachineTransition" id="AnimationNodeStateMachineTransition_w3ko8"]
switch_mode = 2

[sub_resource type="AnimationNodeStateMachineTransition" id="AnimationNodeStateMachineTransition_7g8t0"]
switch_mode = 2

[sub_resource type="AnimationNodeStateMachineTransition" id="AnimationNodeStateMachineTransition_b583j"]
switch_mode = 2

[sub_resource type="AnimationNodeStateMachine" id="AnimationNodeStateMachine_yvqnv"]
states/End/position = Vector2(1343, 131)
states/Start/position = Vector2(218, 131)
states/enter_spaceship/node = SubResource("AnimationNodeAnimation_vs4va")
states/enter_spaceship/position = Vector2(581, 131)
states/intro/node = SubResource("AnimationNodeAnimation_mkn6m")
states/intro/position = Vector2(411, 131)
states/sitting/node = SubResource("AnimationNodeAnimation_qgw3k")
states/sitting/position = Vector2(887, 131)
states/standing/node = SubResource("AnimationNodeAnimation_oxh5o")
states/standing/position = Vector2(745, 131)
transitions = ["Start", "intro", SubResource("AnimationNodeStateMachineTransition_81ykl"), "intro", "enter_spaceship", SubResource("AnimationNodeStateMachineTransition_oq8ni"), "enter_spaceship", "standing", SubResource("AnimationNodeStateMachineTransition_w3ko8"), "standing", "sitting", SubResource("AnimationNodeStateMachineTransition_7g8t0"), "sitting", "standing", SubResource("AnimationNodeStateMachineTransition_b583j")]

[sub_resource type="AnimationNodeBlendTree" id="AnimationNodeBlendTree_0wsu7"]
nodes/action/node = SubResource("AnimationNodeStateMachine_gqfoj")
nodes/action/position = Vector2(200, 320)
nodes/merge/node = SubResource("AnimationNodeAdd2_jxsib")
nodes/merge/position = Vector2(460, 160)
nodes/output/position = Vector2(640, 160)
nodes/position/node = SubResource("AnimationNodeStateMachine_yvqnv")
nodes/position/position = Vector2(206, 150)
node_connections = [&"output", 0, &"merge", &"merge", 0, &"position", &"merge", 1, &"action"]

[sub_resource type="AnimationNodeStateMachinePlayback" id="AnimationNodeStateMachinePlayback_fy6q8"]

[sub_resource type="AnimationNodeStateMachinePlayback" id="AnimationNodeStateMachinePlayback_7p8js"]

[sub_resource type="Animation" id="Animation_oa1q3"]
resource_name = "RESET"
length = 0.001

[sub_resource type="AnimationLibrary" id="AnimationLibrary_twnuj"]
_data = {
"RESET": SubResource("Animation_oa1q3")
}

[node name="Character" instance=ExtResource("1")]
script = ExtResource("2_bwdwg")

[node name="StateTree" type="AnimationTree" parent="." index="0"]
unique_name_in_owner = true
tree_root = SubResource("AnimationNodeBlendTree_0wsu7")
anim_player = NodePath("AnimationPlayer")
parameters/action/playback = SubResource("AnimationNodeStateMachinePlayback_fy6q8")
parameters/merge/add_amount = 1.0
parameters/position/playback = SubResource("AnimationNodeStateMachinePlayback_7p8js")

[node name="AnimationPlayer" type="AnimationPlayer" parent="StateTree" index="0"]
root_node = NodePath("../..")
libraries = {
"": SubResource("AnimationLibrary_twnuj"),
"actions": ExtResource("4_cmukm")
}

[node name="character" parent="." index="1"]
transform = Transform3D(0.992982, 0, -0.118266, 0, 1, 0, 0.118266, 0, 0.992979, 0, 1.04573, 0)
surface_material_override/0 = ExtResource("2")

[node name="helmet" parent="character" index="0"]
transform = Transform3D(0.995026, 0.0382964, 0.0919473, -0.0398678, 0.999086, 0.0153141, -0.0912769, -0.0189036, 0.995645, 0, 0.359375, 0)

[node name="visor" parent="character/helmet" index="1"]
transform = Transform3D(1, 0, 0, 0, 1, 0, 0, 0, 1, -3.72529e-09, 0.203125, 0.0625)
cast_shadow = 0

[node name="face" parent="character/helmet" index="2"]
transform = Transform3D(0.999997, 2.3649e-09, 7.91537e-09, -2.84106e-09, 0.998154, 0.0607091, -7.75717e-09, -0.060709, 0.998156, 0.00768932, 0.217194, 0.0399466)

[node name="glasses" parent="character/helmet/face" index="1"]
material_overlay = ExtResource("2")

[node name="FaceLight" type="OmniLight3D" parent="character/helmet/face" index="2"]
transform = Transform3D(1, 0, 0, 0, 1, 0, 0, 0, 1, 0, 0.05, 0.05)
light_color = Color(0.0784314, 0.0784314, 0.0784314, 1)
omni_range = 0.259356
omni_attenuation = 2.63902

[node name="arm_right" parent="character" index="1"]
transform = Transform3D(0.910434, 0.400251, -0.104441, -0.412166, 0.899161, -0.147065, 0.0350463, 0.176939, 0.983598, -0.203125, 0.296875, -2.32831e-10)

[node name="forearm_right" parent="character/arm_right" index="0"]
transform = Transform3D(0.962225, -0.261495, 0.0757897, 0.179371, 0.818303, 0.546083, -0.204817, -0.51186, 0.834296, 0, -0.28125, 7.45058e-09)

[node name="hand_right" parent="character/arm_right/forearm_right" index="0"]
transform = Transform3D(1, -4.47035e-08, 3.72529e-08, 2.98023e-08, 0.997372, 0.0724441, 2.23517e-08, -0.0724442, 0.997372, 0, -0.234375, -7.45058e-09)

[node name="arm_left" parent="character" index="2"]
transform = Transform3D(0.918586, -0.3822, -0.100625, 0.394116, 0.904878, 0.160852, 0.0295759, -0.187415, 0.981835, 0.25, 0.296875, 3.72529e-09)

[node name="forarm_left" parent="character/arm_left" index="0"]
transform = Transform3D(0.999999, 0, 0, 0, 1, 0, 0, 0, 0.999998, 0, -0.28125, -3.72529e-09)

[node name="backpack" parent="character" index="5"]
transform = Transform3D(1, 0, -7.45058e-09, 0, 1, 0, 7.45058e-09, 0, 1, 0, 0.0625, 0)
