[gd_scene load_steps=3 format=3 uid="uid://fd80b1c18ukc"]

[ext_resource type="Curve3D" uid="uid://h5hat0hxq5pn" path="res://characters/character/character_path.tres" id="1_8tmfm"]

[sub_resource type="GDScript" id="GDScript_m2uxu"]
script/source = "@tool
extends Path3D

@export_range (0.0, 1.0, 0.01) var progress := 0.0 :
	set(value):
		progress = value
		update_postion(value)

@onready var path_follow : PathFollow3D = %PathFollow

func _ready():
	Sequencer.character_position_changed.connect(update_postion)

func update_postion(value: float, duration: float = 2.0) -> void:
	if path_follow:
		var tween = create_tween()
		tween.tween_property(path_follow, \"progress_ratio\", value, duration).set_trans(Tween.TRANS_SINE)



func update_look_angle(value: Vector2, duration: float = 1.0) -> void:
	pass
"

[node name="CharacterPath" type="Path3D"]
transform = Transform3D(0.999756, 0.0221115, 0, -0.0221115, 0.999756, 0, 0, 0, 1, 0, 0, 0)
curve = ExtResource("1_8tmfm")
script = SubResource("GDScript_m2uxu")

[node name="PathFollow" type="PathFollow3D" parent="."]
unique_name_in_owner = true
transform = Transform3D(0.706989, 0, -0.706994, 0, 0.999798, 0, 0.706988, 0, 0.706995, -8.5, 1, -3.7)
rotation_mode = 1
loop = false
tilt_enabled = false

[node name="Marker3D" type="Marker3D" parent="PathFollow"]
transform = Transform3D(-0.40259, -2.79397e-09, -0.915381, 0, 1, -2.79397e-09, 0.915381, 6.28643e-09, -0.40259, 0, 0, 0)
gizmo_extents = 0.5

[node name="RemoteTransform3D" type="RemoteTransform3D" parent="PathFollow"]
transform = Transform3D(-0.40259, -2.79397e-09, -0.915381, -1.11759e-08, 1, -9.31323e-10, 0.915381, 8.84756e-09, -0.40259, 0, 0, 0)
remote_path = NodePath("../../../Character")
