[gd_scene load_steps=4 format=3 uid="uid://vxidh3w2f2yq"]

[ext_resource type="Script" path="res://level/environment/stars.gd" id="1_4po5l"]
[ext_resource type="Curve3D" uid="uid://bjqgm1hj3ccx7" path="res://level/environment/curves/star_path_curve3d.tres" id="2_7h3xx"]
[ext_resource type="PackedScene" uid="uid://cpyfijnifmpjh" path="res://level/environment/models/star.tscn" id="2_hsnls"]

[node name="Stars" type="Node3D"]
transform = Transform3D(0.853862, 0.519279, -0.0356162, -0.51218, 0.826062, -0.235142, -0.092683, 0.219021, 0.971308, 0, 0, 0)
script = ExtResource("1_4po5l")

[node name="Paths" type="Node3D" parent="."]
unique_name_in_owner = true
transform = Transform3D(0.971384, 0.107513, 0.21179, -0.132497, 0.985337, 0.107502, -0.197126, -0.132487, 0.971385, 3.21445, -4.88734, -22.2706)

[node name="StarPath3D1" type="Path3D" parent="Paths"]
transform = Transform3D(0.969212, -0.24603, 0.00994557, 0.244396, 0.96613, 0.0828596, -0.0299945, -0.0778783, 0.996511, -12.5052, -2.62434, 0.212803)
curve = ExtResource("2_7h3xx")

[node name="PathFollow3D" type="PathFollow3D" parent="Paths/StarPath3D1"]
transform = Transform3D(-0.546649, -0.174743, -0.818754, 0, 0.977844, -0.208695, 0.837185, -0.1141, -0.534614, -56.2438, -55.3394, -5.64194)
loop = false

[node name="RemoteTransform3D" type="RemoteTransform3D" parent="Paths/StarPath3D1/PathFollow3D"]
remote_path = NodePath("../../../../Star1")
update_scale = false

[node name="StarPath3D2" type="Path3D" parent="Paths"]
transform = Transform3D(0.969213, 0.244397, -0.0299951, -0.24603, 0.96613, -0.0778779, 0.00994569, 0.0828597, 0.996513, -5.41763, -0.946114, -4.28145)
curve = ExtResource("2_7h3xx")

[node name="PathFollow3D" type="PathFollow3D" parent="Paths/StarPath3D2"]
transform = Transform3D(-0.546665, -0.174746, -0.818781, 0, 0.977862, -0.208702, 0.83721, -0.114103, -0.534632, -56.2438, -55.3394, -5.64194)
loop = false

[node name="RemoteTransform3D" type="RemoteTransform3D" parent="Paths/StarPath3D2/PathFollow3D"]
remote_path = NodePath("../../../../Star2")
update_scale = false

[node name="StarPath3D3" type="Path3D" parent="Paths"]
transform = Transform3D(0.969211, -0.24603, 0.00994566, 0.244396, 0.96613, 0.0828594, -0.0299945, -0.0778782, 0.996512, -2.2371, 3.6081, -1.02707)
curve = ExtResource("2_7h3xx")

[node name="PathFollow3D" type="PathFollow3D" parent="Paths/StarPath3D3"]
transform = Transform3D(-0.546667, -0.17475, -0.818777, 0, 0.977881, -0.208701, 0.837212, -0.114105, -0.534629, -56.2438, -55.3394, -5.64194)
loop = false

[node name="RemoteTransform3D" type="RemoteTransform3D" parent="Paths/StarPath3D3/PathFollow3D"]
remote_path = NodePath("../../../../Star3")
update_scale = false

[node name="StarPath3D4" type="Path3D" parent="Paths"]
transform = Transform3D(1, 3.37139e-07, -2.68221e-07, -5.51343e-07, 1, -5.21541e-08, 0, -2.38419e-07, 1, 4.72385, 5.46455, -4.75929)
curve = ExtResource("2_7h3xx")

[node name="PathFollow3D" type="PathFollow3D" parent="Paths/StarPath3D4"]
transform = Transform3D(-0.546672, -0.17475, -0.818783, 0, 0.977883, -0.208703, 0.83722, -0.114105, -0.534633, -56.2438, -55.3394, -5.64194)
loop = false

[node name="RemoteTransform3D" type="RemoteTransform3D" parent="Paths/StarPath3D4/PathFollow3D"]
remote_path = NodePath("../../../../Star4")
update_scale = false

[node name="StarPath3D5" type="Path3D" parent="Paths"]
transform = Transform3D(0.878944, 0.470506, -0.0779945, -0.476926, 0.866824, -0.145467, -0.00083524, 0.165054, 0.986285, -14.6051, -7.03786, 1.52311)
curve = ExtResource("2_7h3xx")

[node name="PathFollow3D" type="PathFollow3D" parent="Paths/StarPath3D5"]
transform = Transform3D(-0.546645, -0.174739, -0.818747, 0, 0.97782, -0.208693, 0.837179, -0.114098, -0.534609, -56.2438, -55.3394, -5.64194)
loop = false

[node name="RemoteTransform3D" type="RemoteTransform3D" parent="Paths/StarPath3D5/PathFollow3D"]
remote_path = NodePath("../../../../Star5")
update_scale = false

[node name="StarPath3D6" type="Path3D" parent="Paths"]
transform = Transform3D(0.878944, 0.470507, -0.0779946, -0.476926, 0.866827, -0.145467, -0.000835478, 0.165055, 0.986285, -7.29655, -5.50143, -3.43356)
curve = ExtResource("2_7h3xx")

[node name="PathFollow3D" type="PathFollow3D" parent="Paths/StarPath3D6"]
transform = Transform3D(-0.54666, -0.174745, -0.818761, 0, 0.977853, -0.208697, 0.837202, -0.114102, -0.534619, -56.2438, -55.3394, -5.64194)
loop = false

[node name="RemoteTransform3D" type="RemoteTransform3D" parent="Paths/StarPath3D6/PathFollow3D"]
remote_path = NodePath("../../../../Star6")
update_scale = false

[node name="StarPath3D7" type="Path3D" parent="Paths"]
transform = Transform3D(0.735349, 0.662917, -0.140728, -0.676953, 0.708852, -0.19816, -0.0316086, 0.240983, 0.970016, 1.70773, 1.03856, -0.0712376)
curve = ExtResource("2_7h3xx")

[node name="PathFollow3D" type="PathFollow3D" parent="Paths/StarPath3D7"]
transform = Transform3D(-0.54667, -0.174747, -0.818785, 0, 0.977867, -0.208703, 0.837218, -0.114103, -0.534635, -56.2438, -55.3394, -5.64194)
visible = false
loop = false

[node name="RemoteTransform3D" type="RemoteTransform3D" parent="Paths/StarPath3D7/PathFollow3D"]
remote_path = NodePath("../../../../Star7")
update_scale = false

[node name="StarPath3D8" type="Path3D" parent="Paths"]
transform = Transform3D(1, 6.33299e-08, -1.49012e-07, -3.44589e-07, 1, -1.11759e-07, 0, -3.05474e-07, 1, 8.92686, 4.36489, -4.11028)
curve = ExtResource("2_7h3xx")

[node name="PathFollow3D" type="PathFollow3D" parent="Paths/StarPath3D8"]
transform = Transform3D(-0.546669, -0.17475, -0.818778, 0, 0.977884, -0.208701, 0.837216, -0.114105, -0.53463, -56.2438, -55.3394, -5.64194)
loop = false

[node name="RemoteTransform3D" type="RemoteTransform3D" parent="Paths/StarPath3D8/PathFollow3D"]
remote_path = NodePath("../../../../Star8")
update_scale = false

[node name="StarPath3D9" type="Path3D" parent="Paths"]
transform = Transform3D(0.969212, 0.244397, -0.0299948, -0.24603, 0.96613, -0.0778781, 0.00994581, 0.0828595, 0.996513, -11.1128, -8.90524, 1.1807)
curve = ExtResource("2_7h3xx")

[node name="PathFollow3D" type="PathFollow3D" parent="Paths/StarPath3D9"]
transform = Transform3D(-0.54667, -0.17475, -0.818779, 0, 0.97788, -0.208702, 0.837218, -0.114105, -0.53463, -56.2438, -55.3394, -5.64194)
loop = false

[node name="RemoteTransform3D" type="RemoteTransform3D" parent="Paths/StarPath3D9/PathFollow3D"]
remote_path = NodePath("../../../../Star9")
update_scale = false

[node name="StarPath3D10" type="Path3D" parent="Paths"]
transform = Transform3D(0.878945, 0.470506, -0.0779946, -0.476926, 0.866824, -0.145467, -0.000835508, 0.165055, 0.986284, -2.34455, -5.90251, -2.8706)
curve = ExtResource("2_7h3xx")

[node name="PathFollow3D" type="PathFollow3D" parent="Paths/StarPath3D10"]
transform = Transform3D(-0.546645, -0.174739, -0.818746, 0, 0.977821, -0.208693, 0.837179, -0.114098, -0.534609, -56.2438, -55.3394, -5.64194)
loop = false

[node name="RemoteTransform3D" type="RemoteTransform3D" parent="Paths/StarPath3D10/PathFollow3D"]
remote_path = NodePath("../../../../Star10")
update_scale = false

[node name="StarPath3D11" type="Path3D" parent="Paths"]
transform = Transform3D(0.969213, 0.244397, -0.0299948, -0.24603, 0.96613, -0.0778779, 0.00994581, 0.0828596, 0.996512, 3.75646, -2.2657, 0.869339)
curve = ExtResource("2_7h3xx")

[node name="PathFollow3D" type="PathFollow3D" parent="Paths/StarPath3D11"]
transform = Transform3D(-0.546671, -0.17475, -0.818781, 0, 0.977884, -0.208702, 0.837219, -0.114105, -0.534632, -56.2438, -55.3394, -5.64194)
loop = false

[node name="RemoteTransform3D" type="RemoteTransform3D" parent="Paths/StarPath3D11/PathFollow3D"]
remote_path = NodePath("../../../../Star11")
update_scale = false

[node name="StarPath3D12" type="Path3D" parent="Paths"]
transform = Transform3D(0.969212, 0.244397, -0.029995, -0.24603, 0.96613, -0.077878, 0.00994602, 0.0828596, 0.996512, 9.44027, -0.155747, -3.57384)
curve = ExtResource("2_7h3xx")

[node name="PathFollow3D" type="PathFollow3D" parent="Paths/StarPath3D12"]
transform = Transform3D(-0.546646, -0.174739, -0.818748, 0, 0.977822, -0.208694, 0.837181, -0.114098, -0.534611, -56.2438, -55.3394, -5.64194)
loop = false

[node name="RemoteTransform3D" type="RemoteTransform3D" parent="Paths/StarPath3D12/PathFollow3D"]
remote_path = NodePath("../../../../Star12")
update_scale = false

[node name="Star1" parent="." instance=ExtResource("2_hsnls")]
transform = Transform3D(-0.267516, 0.189994, -0.944595, 0.0305825, 0.981498, 0.18876, 0.962991, 0.0216095, -0.2684, -56.1482, -67.0129, -1.84788)
color = Color(0.894118, 0.215686, 0.388235, 1)

[node name="Star2" parent="." instance=ExtResource("2_hsnls")]
transform = Transform3D(-0.216393, 0.655296, -0.72366, 0.160249, 0.755014, 0.635766, 0.96303, 0.0216102, -0.268399, -75.4759, -36.3406, -17.1248)
color = Color(0.917647, 0.835294, 0.203922, 1)
rotation_speed = 0.341

[node name="Star3" parent="." instance=ExtResource("2_hsnls")]
transform = Transform3D(-0.267528, 0.189999, -0.944598, 0.0305831, 0.981522, 0.188761, 0.963037, 0.0216107, -0.2684, -45.7664, -62.3657, -5.90214)
color = Color(0, 0.976471, 0.211765, 1)
rotation_speed = 0.366

[node name="Star4" parent="." instance=ExtResource("2_hsnls")]
transform = Transform3D(-0.250499, 0.437563, -0.863571, 0.0987838, 0.898905, 0.426816, 0.963046, 0.0216104, -0.268405, -54.3963, -48.3228, -15.6105)
color = Color(0.215686, 0.592157, 0.792157, 1)
rotation_speed = 0.37

[node name="Star5" parent="." instance=ExtResource("2_hsnls")]
transform = Transform3D(-0.167547, 0.82838, -0.534464, 0.210798, 0.559685, 0.801416, 0.963045, 0.0216104, -0.268404, -89.5805, -21.3833, -13.7283)
color = Color(0.572549, 0.419608, 1, 1)
rotation_speed = 0.285

[node name="Star6" parent="." instance=ExtResource("2_hsnls")]
transform = Transform3D(-0.167545, 0.828391, -0.534464, 0.210796, 0.559692, 0.801415, 0.963034, 0.0216107, -0.268404, -83.3658, -21.3707, -20.1874)
color = Color(0.529412, 1, 0.533333, 1)

[node name="Star7" parent="." instance=ExtResource("2_hsnls")]
transform = Transform3D(-0.107279, 0.945012, -0.308831, 0.246981, 0.326214, 0.912434, 0.963047, 0.0216098, -0.268403, -73.6805, 4.27214, -24.1249)
color = Color(0.956863, 0.34902, 0.470588, 1)
rotation_speed = 0.341

[node name="Star8" parent="." instance=ExtResource("2_hsnls")]
transform = Transform3D(-0.250498, 0.437562, -0.86356, 0.0987832, 0.898904, 0.42681, 0.963042, 0.0216106, -0.268402, -50.2943, -49.8934, -15.6629)
color = Color(0, 0.976471, 0.211765, 1)
rotation_speed = 0.366

[node name="Star9" parent="." instance=ExtResource("2_hsnls")]
transform = Transform3D(-0.216393, 0.655302, -0.723677, 0.160249, 0.75502, 0.63578, 0.963033, 0.0216103, -0.268404, -80.7069, -42.8413, -9.64179)
color = Color(0.215686, 0.592157, 0.792157, 1)
rotation_speed = 0.37

[node name="Star10" parent="." instance=ExtResource("2_hsnls")]
transform = Transform3D(-0.167547, 0.828367, -0.534459, 0.210798, 0.559675, 0.801408, 0.96304, 0.0216103, -0.268402, -78.4794, -22.3614, -20.5636)
color = Color(0.572549, 0.419608, 1, 1)
rotation_speed = 0.285

[node name="Star11" parent="." instance=ExtResource("2_hsnls")]
transform = Transform3D(-0.216397, 0.655307, -0.723672, 0.160252, 0.755027, 0.635776, 0.963045, 0.0216106, -0.268404, -65.6153, -38.3027, -13.755)
color = Color(0.215686, 0.592157, 0.792157, 1)
rotation_speed = 0.37

[node name="Star12" parent="." instance=ExtResource("2_hsnls")]
transform = Transform3D(-0.216396, 0.655301, -0.723671, 0.160252, 0.755019, 0.635776, 0.963043, 0.0216103, -0.268403, -60.8083, -37.4544, -19.471)
color = Color(0.572549, 0.419608, 1, 1)
rotation_speed = 0.285
