[gd_scene load_steps=4 format=3 uid="uid://c5yey57xayegg"]

[ext_resource type="Script" path="res://level/environment/stars.gd" id="1_3xcsl"]
[ext_resource type="PackedScene" uid="uid://cpyfijnifmpjh" path="res://level/environment/models/star.tscn" id="1_nweus"]

[sub_resource type="Curve3D" id="Curve3D_w65o5"]
_data = {
"points": PackedVector3Array(-5.01856, 4.50546, 40.9613, 5.01856, -4.50546, -40.9613, 32, 0, 0, -29.1789, -2.514, -7.94028, 29.1789, 2.514, 7.94028, 8, 4.17233e-07, 0),
"tilts": PackedFloat32Array(0, 0)
}
point_count = 2

[node name="Stars" type="Node3D"]
script = ExtResource("1_3xcsl")

[node name="Paths" type="Node3D" parent="."]
unique_name_in_owner = true

[node name="StarPath3D1" type="Path3D" parent="Paths"]
transform = Transform3D(-1, -5.21541e-08, 0, 5.21541e-08, -1, 0, 0, 0, 1, 0, 0, 0)
curve = SubResource("Curve3D_w65o5")

[node name="PathFollow3D" type="PathFollow3D" parent="Paths/StarPath3D1"]
transform = Transform3D(-0.99248, 0.0131974, 0.120879, 0, 0.994006, -0.10852, -0.121598, -0.107717, -0.986607, 32, 0, 0)
loop = false

[node name="RemoteTransform3D" type="RemoteTransform3D" parent="Paths/StarPath3D1/PathFollow3D"]
remote_path = NodePath("../../../../Star1")

[node name="StarPath3D2" type="Path3D" parent="Paths"]
transform = Transform3D(-0.707107, -0.707107, 0, 0.707107, -0.707107, 0, 0, 0, 1, 0, 0, 0)
curve = SubResource("Curve3D_w65o5")

[node name="PathFollow3D" type="PathFollow3D" parent="Paths/StarPath3D2"]
transform = Transform3D(-0.992516, 0.0131978, 0.120884, 0, 0.994032, -0.108525, -0.121603, -0.10772, -0.986655, 32, 0, 0)
loop = false

[node name="RemoteTransform3D" type="RemoteTransform3D" parent="Paths/StarPath3D2/PathFollow3D"]
remote_path = NodePath("../../../../Star2")

[node name="StarPath3D3" type="Path3D" parent="Paths"]
transform = Transform3D(0, -1, 0, 1, 0, 0, 0, 0, 1, 0, 0, 0)
curve = SubResource("Curve3D_w65o5")

[node name="PathFollow3D" type="PathFollow3D" parent="Paths/StarPath3D3"]
transform = Transform3D(-0.992514, 0.013198, 0.120883, 0, 0.994046, -0.108524, -0.121602, -0.107721, -0.986642, 32, 0, 0)
loop = false

[node name="RemoteTransform3D" type="RemoteTransform3D" parent="Paths/StarPath3D3/PathFollow3D"]
remote_path = NodePath("../../../../Star3")

[node name="StarPath3D4" type="Path3D" parent="Paths"]
transform = Transform3D(0.766044, -0.642788, 0, 0.642788, 0.766044, 0, 0, 0, 1, 0, 0, 0)
curve = SubResource("Curve3D_w65o5")

[node name="PathFollow3D" type="PathFollow3D" parent="Paths/StarPath3D4"]
transform = Transform3D(-0.992514, 0.013198, 0.120883, 0, 0.994048, -0.108524, -0.121602, -0.107721, -0.986645, 32, 0, 0)
loop = false

[node name="RemoteTransform3D" type="RemoteTransform3D" parent="Paths/StarPath3D4/PathFollow3D"]
remote_path = NodePath("../../../../Star4")

[node name="StarPath3D5" type="Path3D" parent="Paths"]
curve = SubResource("Curve3D_w65o5")

[node name="PathFollow3D" type="PathFollow3D" parent="Paths/StarPath3D5"]
transform = Transform3D(-0.992419, 0.0131963, 0.120873, 0, 0.993921, -0.108515, -0.121591, -0.107708, -0.986563, 32, 0, 0)
loop = false

[node name="RemoteTransform3D" type="RemoteTransform3D" parent="Paths/StarPath3D5/PathFollow3D"]
remote_path = NodePath("../../../../Star5")

[node name="Star1" parent="." instance=ExtResource("1_nweus")]
transform = Transform3D(0.99248, -0.0131975, -0.120879, -5.17618e-08, -0.994006, 0.10852, -0.121598, -0.107717, -0.986607, -32, 1.66893e-06, 0)
color = Color(0.941176, 0.901961, 0.54902, 1)
rotation_speed = 0.239

[node name="StarLight" parent="Star1" index="1"]
light_color = Color(0.862745, 0, 0, 1)
light_energy = 0.327

[node name="Star2" parent="." instance=ExtResource("1_nweus")]
transform = Transform3D(0.701815, -0.712219, -0.00873926, -0.701815, -0.693554, 0.162217, -0.121603, -0.10772, -0.986655, -22.6274, 22.6274, 0)
color = Color(0.941176, 0.901961, 0.54902, 1)
rotation_speed = 0.341

[node name="StarLight" parent="Star2" index="1"]
light_color = Color(0.694118, 0.517647, 0, 1)
light_energy = 0.327

[node name="Star3" parent="." instance=ExtResource("1_nweus")]
transform = Transform3D(0, -0.994046, 0.108524, -0.992514, 0.013198, 0.120883, -0.121602, -0.107721, -0.986642, 0, 32, 0)
color = Color(0.941176, 0.901961, 0.54902, 1)
rotation_speed = 0.366

[node name="StarLight" parent="Star3" index="1"]
light_color = Color(0, 0.560784, 0.266667, 1)
light_energy = 0.327

[node name="Star4" parent="." instance=ExtResource("1_nweus")]
transform = Transform3D(-0.76031, -0.628851, 0.16236, -0.637976, 0.769968, -0.00543211, -0.121602, -0.107721, -0.986645, 24.5134, 20.5692, 0)
color = Color(0.941176, 0.901961, 0.54902, 1)
rotation_speed = 0.37

[node name="StarLight" parent="Star4" index="1"]
light_color = Color(0, 0.419608, 0.831373, 1)
light_energy = 0.327

[node name="Star5" parent="." instance=ExtResource("1_nweus")]
transform = Transform3D(-0.992419, 0.0131963, 0.120873, 0, 0.993921, -0.108515, -0.121591, -0.107708, -0.986563, 32, 0, 0)
color = Color(0.6, 0, 0.407843, 1)
rotation_speed = 0.285

[node name="StarLight" parent="Star5" index="1"]
light_color = Color(0.6, 0, 0.407843, 1)
light_energy = 0.327

[editable path="Star1"]
[editable path="Star2"]
[editable path="Star3"]
[editable path="Star4"]
[editable path="Star5"]
