[gd_scene load_steps=4 format=3 uid="uid://vxidh3w2f2yq"]

[ext_resource type="Script" path="res://level/environment/stars.gd" id="1_4po5l"]
[ext_resource type="Curve3D" uid="uid://bjqgm1hj3ccx7" path="res://level/environment/curves/star_path_curve3d.tres" id="2_7h3xx"]
[ext_resource type="PackedScene" uid="uid://cpyfijnifmpjh" path="res://level/environment/models/star.tscn" id="2_hsnls"]

[node name="Stars" type="Node3D"]
transform = Transform3D(0.853862, 0.519279, -0.0356162, -0.51218, 0.826062, -0.235142, -0.092683, 0.219021, 0.971308, 0, 0, 0)
script = ExtResource("1_4po5l")
star1_progress = 1.0
star2_progress = 1.0
star3_progress = 1.0
star4_progress = 1.0
star5_progress = 1.0
star6_progress = 1.0
star7_progress = 1.0
star8_progress = 1.0
star9_progress = 1.0
star10_progress = 1.0
star11_progress = 1.0
star12_progress = 1.0

[node name="Paths" type="Node3D" parent="."]
unique_name_in_owner = true
transform = Transform3D(1, -2.04891e-08, -1.71363e-07, -9.74163e-07, 1, 7.45058e-08, -7.45058e-09, 0, 1, 0, 0, 0)

[node name="StarPath3D1" type="Path3D" parent="Paths"]
transform = Transform3D(-0.996116, 0.0877403, 0.00736313, -0.0877937, -0.996113, -0.00728238, 0.00669606, -0.00789995, 0.999946, 4.55739, 2.91559, -16.6952)
curve = ExtResource("2_7h3xx")

[node name="PathFollow3D" type="PathFollow3D" parent="Paths/StarPath3D1"]
transform = Transform3D(-0.535376, 0.524714, -0.661646, 0.828541, 0.175066, -0.531595, -0.163125, -0.832922, -0.528548, 0, -1.49012e-08, 0)
progress = 128.875
loop = false

[node name="RemoteTransform3D" type="RemoteTransform3D" parent="Paths/StarPath3D1/PathFollow3D"]
remote_path = NodePath("../../../../Star1")
update_scale = false

[node name="StarPath3D2" type="Path3D" parent="Paths"]
transform = Transform3D(-0.765461, -0.643473, 0.00349081, 0.6434, -0.765438, -0.0118567, 0.0103014, -0.00682997, 0.999924, -8.82152, -5.66267, -13.4202)
curve = ExtResource("2_7h3xx")

[node name="PathFollow3D" type="PathFollow3D" parent="Paths/StarPath3D2"]
transform = Transform3D(-0.535389, 0.524723, -0.661666, 0.828561, 0.175069, -0.531611, -0.163129, -0.832936, -0.528564, 0, -1.49012e-08, 0)
progress = 128.875
loop = false

[node name="RemoteTransform3D" type="RemoteTransform3D" parent="Paths/StarPath3D2/PathFollow3D"]
remote_path = NodePath("../../../../Star2")
update_scale = false

[node name="StarPath3D3" type="Path3D" parent="Paths"]
transform = Transform3D(-1.15484e-07, -1, -4.09782e-07, 0.999999, 9.87202e-08, -7.45058e-08, -2.68221e-07, 1.49012e-08, 1, -11.7278, -2.34062, -18.3074)
curve = ExtResource("2_7h3xx")

[node name="PathFollow3D" type="PathFollow3D" parent="Paths/StarPath3D3"]
transform = Transform3D(-0.535391, 0.524733, -0.661664, 0.828565, 0.175072, -0.531609, -0.163129, -0.832952, -0.528562, 0, -1.49012e-08, 0)
progress = 128.875
loop = false

[node name="RemoteTransform3D" type="RemoteTransform3D" parent="Paths/StarPath3D3/PathFollow3D"]
remote_path = NodePath("../../../../Star3")
update_scale = false

[node name="StarPath3D4" type="Path3D" parent="Paths"]
transform = Transform3D(0.819152, -0.573574, -4.09782e-07, 0.573577, 0.819154, -7.45058e-08, 1.11759e-08, -2.98023e-07, 1, -15.3249, -4.04754, -16.3961)
curve = ExtResource("2_7h3xx")

[node name="PathFollow3D" type="PathFollow3D" parent="Paths/StarPath3D4"]
transform = Transform3D(-0.535396, 0.524734, -0.661667, 0.828573, 0.175072, -0.531612, -0.163131, -0.832953, -0.528564, 0, -1.49012e-08, 0)
progress = 128.875
loop = false

[node name="RemoteTransform3D" type="RemoteTransform3D" parent="Paths/StarPath3D4/PathFollow3D"]
remote_path = NodePath("../../../../Star4")
update_scale = false

[node name="StarPath3D5" type="Path3D" parent="Paths"]
transform = Transform3D(-0.995769, 0.0905114, -0.0158092, -0.0855249, -0.850179, 0.519499, 0.0335799, 0.518654, 0.854325, 5.18059, 1.09451, -13.0759)
curve = ExtResource("2_7h3xx")

[node name="PathFollow3D" type="PathFollow3D" parent="Paths/StarPath3D5"]
transform = Transform3D(-0.535368, 0.524698, -0.661637, 0.828529, 0.17506, -0.531588, -0.163122, -0.832896, -0.52854, 0, -1.49012e-08, 0)
progress = 128.875
loop = false

[node name="RemoteTransform3D" type="RemoteTransform3D" parent="Paths/StarPath3D5/PathFollow3D"]
remote_path = NodePath("../../../../Star5")
update_scale = false

[node name="StarPath3D6" type="Path3D" parent="Paths"]
transform = Transform3D(0.938065, -0.345569, -0.0248221, 0.306638, 0.794771, 0.523753, -0.161265, -0.498926, 0.851509, -5.06439, -0.215135, -14.2261)
curve = ExtResource("2_7h3xx")

[node name="PathFollow3D" type="PathFollow3D" parent="Paths/StarPath3D6"]
transform = Transform3D(-0.535384, 0.524718, -0.66165, 0.828553, 0.175067, -0.531598, -0.163127, -0.832928, -0.528551, 0, -1.49012e-08, 0)
progress = 128.875
loop = false

[node name="RemoteTransform3D" type="RemoteTransform3D" parent="Paths/StarPath3D6/PathFollow3D"]
remote_path = NodePath("../../../../Star6")
update_scale = false

[node name="StarPath3D7" type="Path3D" parent="Paths"]
transform = Transform3D(0.860115, 0.450397, -0.239469, -0.33376, 0.851923, 0.403525, 0.385756, -0.267153, 0.883076, 0.741465, 8.44865, -21.0107)
curve = ExtResource("2_7h3xx")

[node name="PathFollow3D" type="PathFollow3D" parent="Paths/StarPath3D7"]
transform = Transform3D(-0.535395, 0.524727, -0.66167, 0.828571, 0.17507, -0.531614, -0.163131, -0.832943, -0.528567, 0, -1.49012e-08, 0)
progress = 128.875
loop = false

[node name="RemoteTransform3D" type="RemoteTransform3D" parent="Paths/StarPath3D7/PathFollow3D"]
remote_path = NodePath("../../../../Star7")
update_scale = false

[node name="StarPath3D8" type="Path3D" parent="Paths"]
transform = Transform3D(0.211485, 0.949039, -0.233667, -0.871622, 0.2913, 0.394238, 0.442213, 0.120293, 0.888807, 0.741465, -0.42994, -16.7288)
curve = ExtResource("2_7h3xx")

[node name="PathFollow3D" type="PathFollow3D" parent="Paths/StarPath3D8"]
transform = Transform3D(-0.535394, 0.524736, -0.661665, 0.828569, 0.175073, -0.53161, -0.16313, -0.832957, -0.528563, 0, -1.49012e-08, 0)
progress = 128.875
loop = false

[node name="RemoteTransform3D" type="RemoteTransform3D" parent="Paths/StarPath3D8/PathFollow3D"]
remote_path = NodePath("../../../../Star8")
update_scale = false

[node name="StarPath3D9" type="Path3D" parent="Paths"]
transform = Transform3D(-0.656103, 0.717586, -0.233667, -0.73856, -0.546907, 0.394237, 0.155105, 0.431237, 0.888807, 0.741466, 0.784146, -19.1417)
curve = ExtResource("2_7h3xx")

[node name="PathFollow3D" type="PathFollow3D" parent="Paths/StarPath3D9"]
transform = Transform3D(-0.535395, 0.524733, -0.661664, 0.82857, 0.175072, -0.53161, -0.16313, -0.832952, -0.528562, 0, -1.49012e-08, 0)
progress = 128.875
loop = false

[node name="RemoteTransform3D" type="RemoteTransform3D" parent="Paths/StarPath3D9/PathFollow3D"]
remote_path = NodePath("../../../../Star9")
update_scale = false

[node name="StarPath3D10" type="Path3D" parent="Paths"]
transform = Transform3D(0.984808, 0.173648, -3.42727e-07, -0.173648, 0.984808, -5.96046e-08, -4.47035e-08, -2.68221e-07, 1, 0.741465, -9.65443, -17.0918)
curve = ExtResource("2_7h3xx")

[node name="PathFollow3D" type="PathFollow3D" parent="Paths/StarPath3D10"]
transform = Transform3D(-0.535368, 0.524698, -0.661637, 0.828529, 0.17506, -0.531588, -0.163122, -0.832897, -0.52854, 0, -1.49012e-08, 0)
progress = 128.875
loop = false

[node name="RemoteTransform3D" type="RemoteTransform3D" parent="Paths/StarPath3D10/PathFollow3D"]
remote_path = NodePath("../../../../Star10")
update_scale = false

[node name="StarPath3D11" type="Path3D" parent="Paths"]
transform = Transform3D(-0.329539, -0.932967, 0.144834, 0.925061, -0.28837, 0.247201, -0.188865, 0.215443, 0.958078, 0.741467, -0.9449, -18.2246)
curve = ExtResource("2_7h3xx")

[node name="PathFollow3D" type="PathFollow3D" parent="Paths/StarPath3D11"]
transform = Transform3D(-0.535395, 0.524734, -0.661666, 0.828571, 0.175072, -0.531611, -0.163131, -0.832954, -0.528564, 0, -1.49012e-08, 0)
progress = 128.875
loop = false

[node name="RemoteTransform3D" type="RemoteTransform3D" parent="Paths/StarPath3D11/PathFollow3D"]
remote_path = NodePath("../../../../Star11")
update_scale = false

[node name="StarPath3D12" type="Path3D" parent="Paths"]
transform = Transform3D(0.426689, -0.892726, 0.144834, 0.858024, 0.450208, 0.247201, -0.285889, 0.018793, 0.958078, 0.741466, -0.590291, -16.6426)
curve = ExtResource("2_7h3xx")

[node name="PathFollow3D" type="PathFollow3D" parent="Paths/StarPath3D12"]
transform = Transform3D(-0.53537, 0.524701, -0.661638, 0.828532, 0.175061, -0.531589, -0.163123, -0.832901, -0.528541, 0, -1.49012e-08, 0)
progress = 128.875
loop = false

[node name="RemoteTransform3D" type="RemoteTransform3D" parent="Paths/StarPath3D12/PathFollow3D"]
remote_path = NodePath("../../../../Star12")
update_scale = false

[node name="Star1" parent="." instance=ExtResource("2_hsnls")]
transform = Transform3D(0.11904, -0.520204, 0.845668, -0.91105, 0.281254, 0.301266, -0.394566, -0.806358, -0.440484, 4.55739, 2.91558, -16.6952)
color = Color(0.894118, 0.215686, 0.388235, 1)

[node name="Star2" parent="." instance=ExtResource("2_hsnls")]
transform = Transform3D(-0.60686, -0.301289, 0.735456, -0.702482, 0.636167, -0.319018, -0.371773, -0.71026, -0.597715, -8.82152, -5.66266, -13.4202)
color = Color(0.917647, 0.835294, 0.203922, 1)
rotation_speed = 0.341

[node name="Star3" parent="." instance=ExtResource("2_hsnls")]
transform = Transform3D(-0.979776, 0.152675, 0.129168, 0.0204695, 0.71905, -0.694623, -0.198935, -0.677954, -0.707641, -11.7278, -2.34061, -18.3074)
color = Color(0, 0.976471, 0.211765, 1)
rotation_speed = 0.366

[node name="Star4" parent="." instance=ExtResource("2_hsnls")]
transform = Transform3D(-0.581535, 0.541753, -0.606875, 0.813471, 0.394263, -0.427549, 0.00764218, -0.742319, -0.669986, -15.3249, -4.04753, -16.3961)
color = Color(0.215686, 0.592157, 0.792157, 1)
rotation_speed = 0.37

[node name="Star5" parent="." instance=ExtResource("2_hsnls")]
transform = Transform3D(0.12574, -0.725244, 0.676881, -0.991021, -0.12289, 0.052421, 0.0451651, -0.677395, -0.734204, 5.18059, 1.0945, -13.0759)
color = Color(0.572549, 0.419608, 1, 1)
rotation_speed = 0.285

[node name="Star6" parent="." instance=ExtResource("2_hsnls")]
transform = Transform3D(-0.440968, 0.346976, -0.827719, 0.849237, -0.137035, -0.50988, -0.290345, -0.927793, -0.234242, -5.06439, -0.215131, -14.2261)
color = Color(0.894118, 0.215686, 0.388235, 1)

[node name="Star7" parent="." instance=ExtResource("2_hsnls")]
transform = Transform3D(0.404368, 0.455676, -0.792974, 0.835618, -0.536513, 0.117799, -0.371776, -0.710264, -0.597722, 0.741468, 8.44865, -21.0107)
color = Color(0.917647, 0.835294, 0.203922, 1)
rotation_speed = 0.341

[node name="Star8" parent="." instance=ExtResource("2_hsnls")]
transform = Transform3D(0.951698, 0.0386317, -0.30455, 0.233815, -0.734072, 0.637526, -0.198937, -0.677961, -0.707645, 0.741468, -0.429942, -16.7288)
color = Color(0, 0.976471, 0.211765, 1)
rotation_speed = 0.366

[node name="Star9" parent="." instance=ExtResource("2_hsnls")]
transform = Transform3D(0.772257, -0.421249, 0.475536, -0.635235, -0.521043, 0.570051, 0.00764129, -0.742317, -0.669984, 0.741469, 0.784144, -19.1417)
color = Color(0.215686, 0.592157, 0.792157, 1)
rotation_speed = 0.37

[node name="Star10" parent="." instance=ExtResource("2_hsnls")]
transform = Transform3D(0.15047, 0.539122, -0.828648, 0.985665, -0.0172317, 0.167766, 0.0761701, -0.842023, -0.533991, 0.741468, -9.65443, -17.0918)
color = Color(0.572549, 0.419608, 1, 1)
rotation_speed = 0.285

[node name="Star11" parent="." instance=ExtResource("2_hsnls")]
transform = Transform3D(-0.936264, -0.240615, 0.25591, -0.351181, 0.625336, -0.696846, 0.00764235, -0.74232, -0.669979, 0.74147, -0.944902, -18.2246)
color = Color(0.215686, 0.592157, 0.792157, 1)
rotation_speed = 0.37

[node name="Star12" parent="." instance=ExtResource("2_hsnls")]
transform = Transform3D(-0.913134, 0.15618, -0.376521, 0.400452, 0.516292, -0.756994, 0.0761706, -0.842023, -0.533993, 0.741469, -0.590293, -16.6426)
color = Color(0.572549, 0.419608, 1, 1)
rotation_speed = 0.285
