[gd_scene load_steps=4 format=3 uid="uid://vxidh3w2f2yq"]

[ext_resource type="Script" path="res://level/environment/stars.gd" id="1_4po5l"]
[ext_resource type="Curve3D" uid="uid://bjqgm1hj3ccx7" path="res://level/environment/curves/star_path_curve3d.tres" id="2_7h3xx"]
[ext_resource type="PackedScene" uid="uid://cpyfijnifmpjh" path="res://level/environment/models/star.tscn" id="2_hsnls"]

[node name="Stars" type="Node3D"]
transform = Transform3D(0.853862, 0.519279, -0.0356162, -0.51218, 0.826062, -0.235142, -0.092683, 0.219021, 0.971308, 0, 0, 0)
script = ExtResource("1_4po5l")

[node name="Paths" type="Node3D" parent="."]
unique_name_in_owner = true
transform = Transform3D(0.971384, 0.107513, 0.21179, -0.132497, 0.985337, 0.107502, -0.197126, -0.132487, 0.971385, 3.21445, -4.88734, -22.2706)

[node name="StarPath3D1" type="Path3D" parent="Paths"]
transform = Transform3D(0.969212, -0.24603, 0.00994557, 0.244396, 0.96613, 0.0828596, -0.0299945, -0.0778783, 0.996511, -15.3688, -3.65886, -0.641478)
curve = ExtResource("2_7h3xx")

[node name="PathFollow3D" type="PathFollow3D" parent="Paths/StarPath3D1"]
transform = Transform3D(0.987437, -0.0422904, -0.151283, 1.86237e-09, 0.962949, -0.269185, 0.157081, 0.265844, 0.950987, -22.4046, -36.8055, 3.40631)
loop = false

[node name="RemoteTransform3D" type="RemoteTransform3D" parent="Paths/StarPath3D1/PathFollow3D"]
remote_path = NodePath("../../../../Star1")
update_scale = false

[node name="StarPath3D2" type="Path3D" parent="Paths"]
transform = Transform3D(0.969213, 0.244397, -0.0299951, -0.24603, 0.96613, -0.0778779, 0.00994569, 0.0828597, 0.996513, -5.41763, -0.946114, -4.28145)
curve = ExtResource("2_7h3xx")

[node name="PathFollow3D" type="PathFollow3D" parent="Paths/StarPath3D2"]
transform = Transform3D(0.987466, -0.0422913, -0.151288, 1.86243e-09, 0.962969, -0.269194, 0.157086, 0.265849, 0.951019, -22.4046, -36.8055, 3.40631)
loop = false

[node name="RemoteTransform3D" type="RemoteTransform3D" parent="Paths/StarPath3D2/PathFollow3D"]
remote_path = NodePath("../../../../Star2")
update_scale = false

[node name="StarPath3D3" type="Path3D" parent="Paths"]
transform = Transform3D(0.969211, -0.24603, 0.00994566, 0.244396, 0.96613, 0.0828594, -0.0299945, -0.0778782, 0.996512, -2.2371, 3.6081, -1.02707)
curve = ExtResource("2_7h3xx")

[node name="PathFollow3D" type="PathFollow3D" parent="Paths/StarPath3D3"]
transform = Transform3D(0.98747, -0.042292, -0.151287, 1.86243e-09, 0.962987, -0.269193, 0.157087, 0.265854, 0.951015, -22.4046, -36.8055, 3.40631)
loop = false

[node name="RemoteTransform3D" type="RemoteTransform3D" parent="Paths/StarPath3D3/PathFollow3D"]
remote_path = NodePath("../../../../Star3")
update_scale = false

[node name="StarPath3D4" type="Path3D" parent="Paths"]
transform = Transform3D(1, 3.37139e-07, -2.68221e-07, -5.51343e-07, 1, -5.21541e-08, 0, -2.38419e-07, 1, 4.72385, 5.46455, -4.75929)
curve = ExtResource("2_7h3xx")

[node name="PathFollow3D" type="PathFollow3D" parent="Paths/StarPath3D4"]
transform = Transform3D(0.987479, -0.0422921, -0.151288, 1.86245e-09, 0.962989, -0.269195, 0.157088, 0.265855, 0.95102, -22.4046, -36.8055, 3.40631)
loop = false

[node name="RemoteTransform3D" type="RemoteTransform3D" parent="Paths/StarPath3D4/PathFollow3D"]
remote_path = NodePath("../../../../Star4")
update_scale = false

[node name="StarPath3D5" type="Path3D" parent="Paths"]
transform = Transform3D(0.878943, 0.470505, -0.0779945, -0.476925, 0.866824, -0.145467, -0.00083521, 0.165054, 0.986284, -18.4433, -10.0788, 0.512796)
curve = ExtResource("2_7h3xx")

[node name="PathFollow3D" type="PathFollow3D" parent="Paths/StarPath3D5"]
transform = Transform3D(0.987428, -0.0422893, -0.151281, 1.86235e-09, 0.962924, -0.269183, 0.15708, 0.265837, 0.950978, -22.4046, -36.8055, 3.40631)
loop = false

[node name="RemoteTransform3D" type="RemoteTransform3D" parent="Paths/StarPath3D5/PathFollow3D"]
remote_path = NodePath("../../../../Star5")
update_scale = false

[node name="StarPath3D6" type="Path3D" parent="Paths"]
transform = Transform3D(0.878944, 0.470507, -0.0779946, -0.476926, 0.866827, -0.145467, -0.000835478, 0.165055, 0.986285, -7.29655, -5.50143, -3.43356)
curve = ExtResource("2_7h3xx")

[node name="PathFollow3D" type="PathFollow3D" parent="Paths/StarPath3D6"]
transform = Transform3D(0.987456, -0.0422908, -0.151284, 1.86241e-09, 0.962959, -0.269188, 0.157084, 0.265847, 0.950997, -22.4046, -36.8055, 3.40631)
loop = false

[node name="RemoteTransform3D" type="RemoteTransform3D" parent="Paths/StarPath3D6/PathFollow3D"]
remote_path = NodePath("../../../../Star6")
update_scale = false

[node name="StarPath3D7" type="Path3D" parent="Paths"]
transform = Transform3D(0.735349, 0.662917, -0.140728, -0.676953, 0.708852, -0.19816, -0.0316086, 0.240983, 0.970016, 1.70773, 1.03856, -0.0712376)
curve = ExtResource("2_7h3xx")

[node name="PathFollow3D" type="PathFollow3D" parent="Paths/StarPath3D7"]
transform = Transform3D(0.987477, -0.0422916, -0.151289, 1.86245e-09, 0.962976, -0.269196, 0.157088, 0.265851, 0.951025, -22.4046, -36.8055, 3.40631)
visible = false
loop = false

[node name="RemoteTransform3D" type="RemoteTransform3D" parent="Paths/StarPath3D7/PathFollow3D"]
remote_path = NodePath("../../../../Star7")
update_scale = false

[node name="StarPath3D8" type="Path3D" parent="Paths"]
transform = Transform3D(1, 6.33299e-08, -1.49012e-07, -3.44589e-07, 1, -1.11759e-07, 0, -3.05474e-07, 1, 8.92686, 4.36489, -4.11028)
curve = ExtResource("2_7h3xx")

[node name="PathFollow3D" type="PathFollow3D" parent="Paths/StarPath3D8"]
transform = Transform3D(0.987475, -0.0422923, -0.151288, 1.86244e-09, 0.962992, -0.269194, 0.157087, 0.265856, 0.951017, -22.4046, -36.8055, 3.40631)
loop = false

[node name="RemoteTransform3D" type="RemoteTransform3D" parent="Paths/StarPath3D8/PathFollow3D"]
remote_path = NodePath("../../../../Star8")
update_scale = false

[node name="StarPath3D9" type="Path3D" parent="Paths"]
transform = Transform3D(0.969212, 0.244397, -0.0299949, -0.24603, 0.96613, -0.077878, 0.00994578, 0.0828595, 0.996513, -10.7592, -11.0935, 1.47481)
curve = ExtResource("2_7h3xx")

[node name="PathFollow3D" type="PathFollow3D" parent="Paths/StarPath3D9"]
transform = Transform3D(0.987477, -0.042292, -0.151288, 1.86245e-09, 0.962987, -0.269194, 0.157088, 0.265854, 0.951017, -22.4046, -36.8055, 3.40631)
loop = false

[node name="RemoteTransform3D" type="RemoteTransform3D" parent="Paths/StarPath3D9/PathFollow3D"]
remote_path = NodePath("../../../../Star9")
update_scale = false

[node name="StarPath3D10" type="Path3D" parent="Paths"]
transform = Transform3D(0.878945, 0.470506, -0.0779946, -0.476926, 0.866824, -0.145467, -0.000835508, 0.165055, 0.986284, -2.34455, -5.90251, -2.8706)
curve = ExtResource("2_7h3xx")

[node name="PathFollow3D" type="PathFollow3D" parent="Paths/StarPath3D10"]
transform = Transform3D(0.987428, -0.0422893, -0.151281, 1.86235e-09, 0.962925, -0.269183, 0.15708, 0.265837, 0.950978, -22.4046, -36.8055, 3.40631)
loop = false

[node name="RemoteTransform3D" type="RemoteTransform3D" parent="Paths/StarPath3D10/PathFollow3D"]
remote_path = NodePath("../../../../Star10")
update_scale = false

[node name="StarPath3D11" type="Path3D" parent="Paths"]
transform = Transform3D(0.969213, 0.244397, -0.0299948, -0.24603, 0.96613, -0.0778779, 0.00994581, 0.0828596, 0.996512, 3.75646, -2.2657, 0.869339)
curve = ExtResource("2_7h3xx")

[node name="PathFollow3D" type="PathFollow3D" parent="Paths/StarPath3D11"]
transform = Transform3D(0.987477, -0.0422922, -0.151288, 1.86245e-09, 0.96299, -0.269194, 0.157088, 0.265855, 0.951019, -22.4046, -36.8055, 3.40631)
loop = false

[node name="RemoteTransform3D" type="RemoteTransform3D" parent="Paths/StarPath3D11/PathFollow3D"]
remote_path = NodePath("../../../../Star11")
update_scale = false

[node name="StarPath3D12" type="Path3D" parent="Paths"]
transform = Transform3D(0.969212, 0.244397, -0.029995, -0.24603, 0.96613, -0.0778779, 0.0099459, 0.0828596, 0.996512, 12.0968, -0.519447, -2.67354)
curve = ExtResource("2_7h3xx")

[node name="PathFollow3D" type="PathFollow3D" parent="Paths/StarPath3D12"]
transform = Transform3D(0.987432, -0.0422894, -0.151282, 1.86236e-09, 0.962926, -0.269183, 0.15708, 0.265838, 0.950979, -22.4046, -36.8055, 3.40631)
loop = false

[node name="RemoteTransform3D" type="RemoteTransform3D" parent="Paths/StarPath3D12/PathFollow3D"]
remote_path = NodePath("../../../../Star12")
update_scale = false

[node name="Star1" parent="." instance=ExtResource("2_hsnls")]
transform = Transform3D(0.916264, 0.400294, 0.00945739, -0.367985, 0.851192, -0.374115, -0.157808, 0.339329, 0.927295, -27.4213, -44.2617, -4.75698)
color = Color(0.894118, 0.215686, 0.388235, 1)

[node name="Star2" parent="." instance=ExtResource("2_hsnls")]
transform = Transform3D(0.609551, 0.77227, -0.178867, -0.776862, 0.537014, -0.328721, -0.157817, 0.339335, 0.92729, -36.2202, -31.3339, -15.028)
color = Color(0.917647, 0.835294, 0.203922, 1)
rotation_speed = 0.341

[node name="Star3" parent="." instance=ExtResource("2_hsnls")]
transform = Transform3D(0.916309, 0.400303, 0.00945711, -0.368003, 0.851212, -0.374117, -0.157815, 0.339338, 0.927299, -13.9657, -38.8827, -8.68292)
color = Color(0, 0.976471, 0.211765, 1)
rotation_speed = 0.366

[node name="Star4" parent="." instance=ExtResource("2_hsnls")]
transform = Transform3D(0.789848, 0.606976, -0.0876952, -0.592627, 0.718605, -0.363823, -0.157817, 0.33934, 0.927313, -17.6165, -33.5715, -15.9472)
color = Color(0.215686, 0.592157, 0.792157, 1)
rotation_speed = 0.37

[node name="Star5" parent="." instance=ExtResource("2_hsnls")]
transform = Transform3D(0.387715, 0.884946, -0.257857, -0.908154, 0.318838, -0.271231, -0.157817, 0.339335, 0.927309, -54.7903, -29.0663, -9.1962)
color = Color(0.572549, 0.419608, 1, 1)
rotation_speed = 0.285

[node name="Star6" parent="." instance=ExtResource("2_hsnls")]
transform = Transform3D(0.38771, 0.884959, -0.257856, -0.908145, 0.318842, -0.27123, -0.157815, 0.339339, 0.927307, -44.3063, -26.4572, -15.8334)
color = Color(0.529412, 1, 0.533333, 1)

[node name="Star7" parent="." instance=ExtResource("2_hsnls")]
transform = Transform3D(0.139456, 0.93732, -0.319269, -0.977561, 0.0789329, -0.19525, -0.157818, 0.339337, 0.927305, -37.4759, -10.5686, -17.8438)
color = Color(0.956863, 0.34902, 0.470588, 1)
rotation_speed = 0.341

[node name="Star8" parent="." instance=ExtResource("2_hsnls")]
transform = Transform3D(0.789848, 0.606977, -0.087694, -0.592628, 0.718606, -0.363819, -0.157817, 0.33934, 0.927301, -13.5145, -35.1422, -15.9996)
color = Color(0, 0.976471, 0.211765, 1)
rotation_speed = 0.366

[node name="Star9" parent="." instance=ExtResource("2_hsnls")]
transform = Transform3D(0.609547, 0.77228, -0.178871, -0.776856, 0.537021, -0.328728, -0.157816, 0.339339, 0.927311, -41.2807, -40.006, -7.03908)
color = Color(0.215686, 0.592157, 0.792157, 1)
rotation_speed = 0.37

[node name="Star10" parent="." instance=ExtResource("2_hsnls")]
transform = Transform3D(0.387715, 0.884937, -0.257854, -0.908156, 0.318834, -0.271228, -0.157818, 0.339332, 0.927297, -39.4199, -27.4479, -16.2096)
color = Color(0.572549, 0.419608, 1, 1)
rotation_speed = 0.285

[node name="Star11" parent="." instance=ExtResource("2_hsnls")]
transform = Transform3D(0.609551, 0.772284, -0.17887, -0.776862, 0.537024, -0.328726, -0.157817, 0.339341, 0.927305, -26.3596, -33.296, -11.6582)
color = Color(0.215686, 0.592157, 0.792157, 1)
rotation_speed = 0.37

[node name="Star12" parent="." instance=ExtResource("2_hsnls")]
transform = Transform3D(0.609551, 0.772275, -0.17887, -0.776861, 0.537017, -0.328726, -0.157817, 0.339337, 0.927304, -18.8205, -33.0613, -16.9752)
color = Color(0.572549, 0.419608, 1, 1)
rotation_speed = 0.285
