[gd_scene load_steps=4 format=3 uid="uid://vxidh3w2f2yq"]

[ext_resource type="Script" path="res://level/environment/stars.gd" id="1_4po5l"]
[ext_resource type="PackedScene" uid="uid://cpyfijnifmpjh" path="res://level/environment/models/star.tscn" id="2_hsnls"]

[sub_resource type="Curve3D" id="Curve3D_w65o5"]
_data = {
"points": PackedVector3Array(18, 3, 73, -18, -3, -73, 65, 3.39002e-06, 1, 11, -30, -15, -11, 30, 15, 4.17927, -6.09146, -41.0783, 8, -4, -6, -8, 4, 6, 6.8255, -0.440375, -22.0504, 0, 0, 0, 0, 0, 0, 15.1835, -0.501707, 22.8956),
"tilts": PackedFloat32Array(0, 0, 0, 0)
}
point_count = 4

[node name="Stars" type="Node3D"]
transform = Transform3D(0.853862, 0.519279, -0.0356162, -0.51218, 0.826062, -0.235142, -0.092683, 0.219021, 0.971308, 0, 0, 0)
script = ExtResource("1_4po5l")
star1_progress = 0.7
star2_progress = 0.7
star3_progress = 0.7
star4_progress = 0.7
star5_progress = 0.7

[node name="Paths" type="Node3D" parent="."]
unique_name_in_owner = true

[node name="StarPath3D1" type="Path3D" parent="Paths"]
transform = Transform3D(-0.996116, 0.0877407, 0.00736374, -0.087794, -0.996112, -0.00728218, 0.00669618, -0.0079004, 0.999946, 0, 0, 0)
curve = SubResource("Curve3D_w65o5")

[node name="PathFollow3D" type="PathFollow3D" parent="Paths/StarPath3D1"]
transform = Transform3D(0.205762, 0.803045, 0.559061, -0.290857, 0.595667, -0.748563, -0.934253, -0.00858142, 0.356176, 6.45852, 4.12031, -26.8454)
progress = 131.233
loop = false

[node name="RemoteTransform3D" type="RemoteTransform3D" parent="Paths/StarPath3D1/PathFollow3D"]
remote_path = NodePath("../../../../Star1")

[node name="StarPath3D2" type="Path3D" parent="Paths"]
transform = Transform3D(-0.765461, -0.643473, 0.00349055, 0.6434, -0.765439, -0.0118569, 0.0103014, -0.00683013, 0.999924, 0, 0, 0)
visible = false
curve = SubResource("Curve3D_w65o5")

[node name="PathFollow3D" type="PathFollow3D" parent="Paths/StarPath3D2"]
transform = Transform3D(0.205769, 0.803063, 0.559083, -0.290866, 0.595681, -0.748593, -0.934283, -0.00858161, 0.35619, 6.45852, 4.12031, -26.8454)
progress = 131.233
loop = false

[node name="RemoteTransform3D" type="RemoteTransform3D" parent="Paths/StarPath3D2/PathFollow3D"]
remote_path = NodePath("../../../../Star2")

[node name="StarPath3D3" type="Path3D" parent="Paths"]
transform = Transform3D(-2.04891e-08, -1, -7.45058e-09, 1, 2.98023e-08, 1.49012e-08, 0, 7.45058e-09, 1, 0, 0, 0)
visible = false
curve = SubResource("Curve3D_w65o5")

[node name="PathFollow3D" type="PathFollow3D" parent="Paths/StarPath3D3"]
transform = Transform3D(0.205769, 0.80308, 0.559079, -0.290865, 0.595693, -0.748587, -0.934281, -0.00858179, 0.356187, 6.45852, 4.12031, -26.8454)
progress = 131.233
loop = false

[node name="RemoteTransform3D" type="RemoteTransform3D" parent="Paths/StarPath3D3/PathFollow3D"]
remote_path = NodePath("../../../../Star3")

[node name="StarPath3D4" type="Path3D" parent="Paths"]
transform = Transform3D(0.819152, -0.573577, -7.45058e-09, 0.573577, 0.819152, 1.49012e-08, 0, -2.98023e-08, 1, 0, 0, 0)
visible = false
curve = SubResource("Curve3D_w65o5")

[node name="PathFollow3D" type="PathFollow3D" parent="Paths/StarPath3D4"]
transform = Transform3D(0.205769, 0.803075, 0.559078, -0.290866, 0.59569, -0.748586, -0.934284, -0.00858174, 0.356187, 6.45852, 4.12031, -26.8454)
progress = 131.233
loop = false

[node name="RemoteTransform3D" type="RemoteTransform3D" parent="Paths/StarPath3D4/PathFollow3D"]
remote_path = NodePath("../../../../Star4")

[node name="StarPath3D5" type="Path3D" parent="Paths"]
transform = Transform3D(0.984808, 0.173648, -7.45058e-09, -0.173648, 0.984808, 1.49012e-08, -1.49012e-08, -5.96046e-08, 1, 0, 0, 0)
visible = false
curve = SubResource("Curve3D_w65o5")

[node name="PathFollow3D" type="PathFollow3D" parent="Paths/StarPath3D5"]
transform = Transform3D(0.205754, 0.803, 0.559044, -0.290845, 0.595634, -0.74854, -0.934215, -0.00858094, 0.356165, 6.45852, 4.12031, -26.8454)
progress = 131.233
loop = false

[node name="RemoteTransform3D" type="RemoteTransform3D" parent="Paths/StarPath3D5/PathFollow3D"]
remote_path = NodePath("../../../../Star5")

[node name="Star1" parent="." instance=ExtResource("2_hsnls")]
transform = Transform3D(-0.237363, -0.747725, -0.619946, 0.278464, -0.663792, 0.693977, -0.930527, -0.00790961, 0.365814, -6.26959, -4.47582, -26.8333)
color = Color(0.894118, 0.215686, 0.388235, 1)

[node name="Star2" parent="." instance=ExtResource("2_hsnls")]
transform = Transform3D(0.026395, -0.998048, 0.0549861, 0.36611, 0.0608352, 0.928493, -0.930106, -0.00437687, 0.367035, -7.68876, 1.31986, -26.805)
color = Color(0.917647, 0.835294, 0.203922, 1)
rotation_speed = 0.341

[node name="Star3" parent="." instance=ExtResource("2_hsnls")]
transform = Transform3D(0.290865, -0.595693, 0.748587, 0.205769, 0.80308, 0.559079, -0.934281, -0.00858177, 0.356187, -4.12031, 6.45851, -26.8454)
color = Color(0, 0.976471, 0.211765, 1)
rotation_speed = 0.366

[node name="Star4" parent="." instance=ExtResource("2_hsnls")]
transform = Transform3D(0.335391, 0.316167, 0.887342, -0.120239, 0.948586, -0.292531, -0.934284, -0.00858177, 0.356187, 2.92719, 7.07962, -26.8454)
color = Color(0.215686, 0.592157, 0.792157, 1)
rotation_speed = 0.37

[node name="Star5" parent="." instance=ExtResource("2_hsnls")]
transform = Transform3D(0.152124, 0.894232, 0.420568, -0.322155, 0.447146, -0.834245, -0.934215, -0.00858098, 0.356165, 7.07588, 2.93621, -26.8454)
color = Color(0.572549, 0.419608, 1, 1)
rotation_speed = 0.285
