[gd_scene load_steps=3 format=3 uid="uid://bi2ttsoa7h87g"]

[ext_resource type="Script" path="res://components/remote_follow_path.gd" id="1_kh2yt"]

[sub_resource type="Curve3D" id="Curve3D_kynho"]
_data = {
"points": PackedVector3Array(-0.554544, 0.0272059, -1.16757, 0.554544, -0.0272059, 1.16757, 0, 0, 0, 0.458369, -0.00116797, -0.583866, -0.458369, 0.00116797, 0.583866, -1.6151, -0.066613, 0.330265, 0, 0, 0, 0, 0, 0, -0.368817, -0.419608, 2.96665),
"tilts": PackedFloat32Array(0, 0, 0)
}
point_count = 3

[node name="RemoteFollowPath" type="Path3D"]
transform = Transform3D(0.999756, 0.0221115, 0, -0.0221115, 0.999756, 0, 0, 0, 1, 0, 0, 0)
curve = SubResource("Curve3D_kynho")
script = ExtResource("1_kh2yt")

[node name="PathFollow" type="PathFollow3D" parent="."]
transform = Transform3D(0.903142, 0.00902624, 0.428861, 0, 0.999577, -0.0210399, -0.428953, 0.0190044, 0.90295, 0, 0, 0)
rotation_mode = 2
loop = false
tilt_enabled = false

[node name="Marker3D" type="Marker3D" parent="PathFollow"]
transform = Transform3D(-0.40259, -2.79397e-09, -0.915381, 0, 1, -2.79397e-09, 0.915381, 6.28643e-09, -0.40259, 0, 0, 0)
gizmo_extents = 0.5

[node name="RemoteTransform3D" type="RemoteTransform3D" parent="PathFollow"]
transform = Transform3D(-0.40259, -2.79397e-09, -0.915381, -1.11759e-08, 1, -9.31323e-10, 0.915381, 8.84756e-09, -0.40259, 0, 0, 0)
