[gd_scene load_steps=4 format=3 uid="uid://ciaubij6uaqb8"]

[ext_resource type="Script" path="res://characters/player/player.gd" id="1"]
[ext_resource type="Curve3D" uid="uid://bnnm33024rtvp" path="res://characters/player/player_position_path.tres" id="2_aq7mr"]
[ext_resource type="Curve3D" uid="uid://cudp8mjob81b1" path="res://characters/player/player_view_path.tres" id="3_dhkr8"]

[node name="PlayerCamera" type="Node"]
script = ExtResource("1")
max_distance = null

[node name="Camera3D" type="Camera3D" parent="."]
transform = Transform3D(0.745674, -0.0175058, -0.666081, -1.58325e-08, 0.999655, -0.0262727, 0.666311, 0.0195909, 0.745417, -8.31993, 2.40252, 4.51174)
current = true
fov = 65.0
far = 800.0

[node name="PositionPath" type="Path3D" parent="."]
transform = Transform3D(1, 0, 0, 0, 1, 0, 0, 0, 1, -5.38435, 1.90392, 0.0375506)
curve = ExtResource("2_aq7mr")

[node name="PositionTarget" type="PathFollow3D" parent="PositionPath"]
unique_name_in_owner = true
transform = Transform3D(-0.126784, 0.0899351, 0.987765, 0, 0.995814, -0.0906658, -0.991856, -0.0114959, -0.126261, -5.20439, 0.715174, 5.63135)
cubic_interp = false
loop = false
tilt_enabled = false

[node name="ViewPath" type="Path3D" parent="."]
transform = Transform3D(1, 0, 0, 0, 1, 0, 0, 0, 1, -6.79856, 1.91301, -1.21431)
curve = ExtResource("3_dhkr8")

[node name="ViewTarget" type="PathFollow3D" parent="ViewPath"]
unique_name_in_owner = true
transform = Transform3D(0.469355, 0.0954525, 0.87776, 0.00276359, 0.993901, -0.109561, -0.882942, 0.0538516, 0.466258, 1.50313, 0.76387, 0.90861)
progress = 3.22476
cubic_interp = false
loop = false
tilt_enabled = false
