[gd_scene load_steps=4 format=3 uid="uid://ciaubij6uaqb8"]

[ext_resource type="Script" path="res://characters/player/player.gd" id="1"]
[ext_resource type="Curve3D" uid="uid://bnnm33024rtvp" path="res://characters/player/player_position_path.tres" id="2_aq7mr"]
[ext_resource type="Curve3D" uid="uid://cudp8mjob81b1" path="res://characters/player/player_view_path.tres" id="3_dhkr8"]

[node name="PlayerCamera" type="Node"]
script = ExtResource("1")
position_progress = 0.196
view_progress = 0.317

[node name="Camera3D" type="Camera3D" parent="."]
transform = Transform3D(0.999451, -0.00963075, -0.031715, -1.53668e-08, 0.956855, -0.290565, 0.033145, 0.290405, 0.95633, -4.39532, 2.34488, 0.725161)
current = true
fov = 65.0
far = 800.0

[node name="PositionPath" type="Path3D" parent="."]
transform = Transform3D(1, 0, 0, 0, 1, 0, 0, 0, 1, -5.38435, 1.90392, 0.0375506)
curve = ExtResource("2_aq7mr")

[node name="PositionTarget" type="PathFollow3D" parent="PositionPath"]
unique_name_in_owner = true
transform = Transform3D(-0.0866516, 0.0266411, 0.995817, -0.0261117, 0.999182, -0.0290028, -0.995838, -0.0285175, -0.0858893, 0.989035, 0.440962, 0.687611)
progress = 2.61724

[node name="ViewPath" type="Path3D" parent="."]
transform = Transform3D(1, 0, 0, 0, 1, 0, 0, 0, 1, -6.79856, 1.91301, -1.21431)
curve = ExtResource("3_dhkr8")

[node name="ViewTarget" type="PathFollow3D" parent="ViewPath"]
unique_name_in_owner = true
transform = Transform3D(0.392797, 0.103382, 0.913739, 0.00745623, 0.993221, -0.115579, -0.919545, 0.0522149, 0.389379, 2.42847, 0.662975, 1.17885)
progress = 4.19635
