[gd_scene load_steps=4 format=3 uid="uid://ciaubij6uaqb8"]

[ext_resource type="Script" path="res://characters/player/player.gd" id="1"]

[sub_resource type="Curve3D" id="Curve3D_bx6b0"]
_data = {
"points": PackedVector3Array(-0.535665, -0.0183245, 0.316532, 0.535665, 0.0183245, -0.316532, -1.42617, 0.570849, 1.60594, -1.62273, 0.00662637, -0.0670142, 1.62273, -0.00662637, 0.0670142, 1.63681, 0.430265, 0.674115, -0.55011, -0.000116587, 0.455413, 0.55011, 0.000116587, -0.455413, 5.8957, 0.651434, 1.35457, -0.204528, 0.0198367, 0.416284, 0.204528, -0.0198367, -0.416284, 5.76346, 0.588924, -0.621787, 0, 0, 0, 0, 0, 0, 6.02882, 0.267064, -1.10186),
"tilts": PackedFloat32Array(0, 0, 0, 0, 0)
}
point_count = 5

[sub_resource type="Curve3D" id="Curve3D_21tvn"]
_data = {
"points": PackedVector3Array(-0.535665, -0.0183245, 0.316532, 0.535665, 0.0183245, -0.316532, -1.1434, 0.611665, 1.75321, -1.55496, 0.160515, 0.0491271, 1.55496, -0.160515, -0.0491271, 1.30105, 0.64565, 0.650756, -0.612874, -0.0756376, 0.584023, 0.612874, 0.0756376, -0.584023, 6.60314, 0.25513, 2.0479, -0.181787, -0.0542157, 1.27985, 0.181787, 0.0542157, -1.27985, 6.56997, 0.765755, -2.46237, -0.420156, -0.416958, 0.37301, 0.420156, 0.416958, -0.37301, 7.65942, 0.70625, -4.7434, 0, 0, 0, 0, 0, 0, 9.18105, 2.95168, -2.19458),
"tilts": PackedFloat32Array(0, 0, 0, 0, 0, 0)
}
point_count = 6

[node name="PlayerCamera" type="Node"]
script = ExtResource("1")
position_progress = 0.196
view_progress = 0.317

[node name="Camera3D" type="Camera3D" parent="."]
transform = Transform3D(0.960099, -0.00179851, -0.279654, -2.32831e-09, 0.999979, -0.00643106, 0.27966, 0.00617446, 0.960079, -4.39532, 2.29324, 0.725161)
current = true
fov = 65.0
far = 800.0

[node name="PositionPath" type="Path3D" parent="."]
transform = Transform3D(1, 0, 0, 0, 1, 0, 0, 0, 1, -5.38435, 1.85228, 0.0375506)
curve = SubResource("Curve3D_bx6b0")

[node name="PositionTarget" type="PathFollow3D" parent="PositionPath"]
unique_name_in_owner = true
transform = Transform3D(-0.0866509, 0.0266412, 0.995817, -0.0261115, 0.999182, -0.0290028, -0.995838, -0.0285173, -0.0858886, 0.989038, 0.440963, 0.687611)
progress = 2.61724

[node name="ViewPath" type="Path3D" parent="."]
transform = Transform3D(1, 0, 0, 0, 1, 0, 0, 0, 1, -6.79856, 1.79354, -1.21431)
curve = SubResource("Curve3D_21tvn")

[node name="ViewTarget" type="PathFollow3D" parent="ViewPath"]
unique_name_in_owner = true
transform = Transform3D(0.312179, 0.100407, 0.944647, -0.0459142, 0.994783, -0.0905616, -0.948865, -0.015102, 0.315173, 2.69734, 0.506467, 0.929804)
progress = 4.19635
