[gd_scene load_steps=3 format=3 uid="uid://ciaubij6uaqb8"]

[ext_resource type="Script" path="res://characters/player/player.gd" id="1"]

[sub_resource type="Curve3D" id="Curve3D_21tvn"]
_data = {
"points": PackedVector3Array(-0.535665, -0.0183245, 0.316532, 0.535665, 0.0183245, -0.316532, -1.1434, 0.611665, 1.75321, -1.55496, 0.160515, 0.0491271, 1.55496, -0.160515, -0.0491271, 1.30105, 0.64565, 0.650756, -0.612874, -0.0756376, 0.584023, 0.612874, 0.0756376, -0.584023, 6.60314, 0.25513, 2.0479, -0.204528, 0.0198367, 0.416284, 0.204528, -0.0198367, -0.416284, 6.97961, 0.61323, -1.67891, 0, 0, 0, 0, 0, 0, 6.21947, 0.95094, -2.0615),
"tilts": PackedFloat32Array(0, 0, 0, 0, 0)
}
point_count = 5

[node name="PlayerCamera" type="Node"]
script = ExtResource("1")
state = "approach_spaceship"
position_point = null
point_point = null

[node name="Camera3D" type="Camera3D" parent="."]
transform = Transform3D(0.566742, 0.123361, -0.814607, 0, 0.988727, 0.149729, 0.823895, -0.0848577, 0.560353, -7.14483, 2.85081, 1.73866)
current = true
fov = 65.0
far = 800.0

[node name="PositionPath" type="Path3D" parent="."]
transform = Transform3D(1, 0, 0, 0, 1, 0, 0, 0, 1, -5.38435, 1.85228, 0.0375506)
visible = false
curve = SubResource("Curve3D_21tvn")

[node name="PathFollow3D" type="PathFollow3D" parent="PositionPath"]
transform = Transform3D(0.678818, 0.232277, 0.696552, 0.0774914, 0.92066, -0.382518, -0.730166, 0.31365, 0.606971, -1.76047, 0.998527, 1.70111)
progress = 0.0466576

[node name="PositionTarget" type="Marker3D" parent="PositionPath/PathFollow3D"]
unique_name_in_owner = true
transform = Transform3D(1.00003, 0, 0, 0, 1.00003, 0, 0, 0, 1.00003, 0, 0, 0)

[node name="LookPath" type="Path3D" parent="."]
transform = Transform3D(1, 0, 0, 0, 1, 0, 0, 0, 1, -6.79856, 1.79354, -1.21431)
curve = SubResource("Curve3D_21tvn")

[node name="PathFollow3D" type="PathFollow3D" parent="LookPath"]
transform = Transform3D(0.253003, 0.108687, 0.961298, -0.0416633, 0.993939, -0.10141, -0.966536, -0.0143945, 0.256004, 2.7165, 0.494316, 0.846152)
progress = 4.20081

[node name="LookTarget" type="Marker3D" parent="LookPath/PathFollow3D"]
unique_name_in_owner = true
transform = Transform3D(1.00004, 0, 0, 0, 1.00003, 0, 0, 0, 1.00003, 0, 0, 0)
