[gd_scene load_steps=9 format=3 uid="uid://bw70w15xhifwc"]

[ext_resource type="Shader" path="res://level/environment/materials/planet_material.gdshader" id="2_ney6o"]
[ext_resource type="PackedScene" uid="uid://uk3s0fjb5pmh" path="res://level/level.tscn" id="4_7ey7j"]
[ext_resource type="PackedScene" uid="uid://n088b8ab4tef" path="res://ui/screen_overlay.tscn" id="4_p5m14"]

[sub_resource type="FastNoiseLite" id="FastNoiseLite_kuh6x"]
noise_type = 3
frequency = 0.0055
fractal_octaves = 9
fractal_lacunarity = 2.592
fractal_gain = 0.338
fractal_weighted_strength = 1.0
domain_warp_enabled = true
domain_warp_type = 1
domain_warp_amplitude = 51.022
domain_warp_frequency = -0.008
domain_warp_fractal_lacunarity = 2.973

[sub_resource type="NoiseTexture2D" id="NoiseTexture2D_e8406"]
width = 1024
height = 1024
in_3d_space = true
seamless = true
seamless_blend_skirt = 0.582
noise = SubResource("FastNoiseLite_kuh6x")

[sub_resource type="Gradient" id="Gradient_md7p6"]
interpolation_mode = 2
offsets = PackedFloat32Array(0.246212, 0.405303, 0.575758, 0.643939, 0.720779, 0.847403, 0.883117, 0.899351, 0.957792)
colors = PackedColorArray(0.241235, 0.181639, 0.637774, 1, 0.265675, 0.328805, 0.670102, 1, 0.358184, 0.457245, 0.795857, 1, 0.55206, 0.609156, 0.918864, 1, 0.62316, 0.499455, 0.70292, 1, 0.624484, 0.462869, 0.723787, 1, 0.623842, 0.427904, 0.857562, 1, 0.661754, 0.516994, 0.900451, 1, 0.816009, 0.638485, 0.92737, 1)

[sub_resource type="GradientTexture1D" id="GradientTexture1D_astb8"]
gradient = SubResource("Gradient_md7p6")

[sub_resource type="ShaderMaterial" id="ShaderMaterial_v637u"]
resource_local_to_scene = true
render_priority = 0
shader = ExtResource("2_ney6o")
shader_parameter/specular = 0.5
shader_parameter/specular_amount = 0.5
shader_parameter/specular_smoothness = 0.05
shader_parameter/wrap = 0.171
shader_parameter/rim = 0.727
shader_parameter/rim_amount = 0.651
shader_parameter/rim_smoothness = 1.0
shader_parameter/metallic = 0.0
shader_parameter/roughness = 0.608
shader_parameter/emission_energy = 0.302
shader_parameter/albedo_texture = SubResource("NoiseTexture2D_e8406")
shader_parameter/color_gradient = SubResource("GradientTexture1D_astb8")

[node name="GameWindow" type="Window"]
title = "Adventure"
position = Vector2i(375, 36)
size = Vector2i(1280, 720)
extend_to_title = true
content_scale_size = Vector2i(1280, 720)
content_scale_aspect = 1

[node name="ViewportContainer" type="SubViewportContainer" parent="."]
texture_filter = 6
texture_repeat = 1
anchors_preset = 15
anchor_right = 1.0
anchor_bottom = 1.0
grow_horizontal = 2
grow_vertical = 2
stretch = true

[node name="Viewport" type="SubViewport" parent="ViewportContainer"]
unique_name_in_owner = true
handle_input_locally = false
audio_listener_enable_3d = true
size = Vector2i(1280, 720)
render_target_update_mode = 4

[node name="Level" parent="ViewportContainer/Viewport" instance=ExtResource("4_7ey7j")]

[node name="Character" parent="ViewportContainer/Viewport/Level" index="1"]
transform = Transform3D(-0.99035, 1.04314e-05, -0.138532, -3.50153e-11, 1, 7.52995e-05, 0.138531, 7.45738e-05, -0.990353, -13.2931, 1.00015, -3.19279)

[node name="RemoteTransform" parent="ViewportContainer/Viewport/Level/FollowPaths/CharacterPath" index="0"]
transform = Transform3D(-0.99035, 1.04314e-05, -0.138532, -3.50153e-11, 1, 7.52995e-05, 0.138531, 7.45738e-05, -0.990353, -13.2931, 1.00015, -3.19279)

[node name="RemoteTransform" parent="ViewportContainer/Viewport/Level/FollowPaths/AlienPath" index="0"]
transform = Transform3D(-0.963973, 0.000852319, 0.265983, 5.93715e-09, 0.999995, -0.00320437, -0.265983, -0.00308894, -0.963972, 0.995202, 1.29361, -4.19556)

[node name="RemoteTransform" parent="ViewportContainer/Viewport/Level/FollowPaths/LamaPath" index="0"]
transform = Transform3D(-0.829456, 9.35152e-05, -0.558572, -2.80124e-10, 1, 0.000167419, 0.558571, 0.000138867, -0.829457, -4.69336, 1.70155, -10.3192)

[node name="RemoteTransform" parent="ViewportContainer/Viewport/Level/FollowPaths/UfoPath" index="0"]
transform = Transform3D(-0.81383, 0.107235, -0.571118, 3.3155e-07, 0.982824, 0.184539, 0.581097, 0.150183, -0.799855, -4.70804, 4.8628, -10.8321)

[node name="PlayerPath" parent="ViewportContainer/Viewport/Level/FollowPaths" index="4"]
progress_ratio = 1.0

[node name="RemoteTransform" parent="ViewportContainer/Viewport/Level/FollowPaths/PlayerPath" index="0"]
transform = Transform3D(0.938911, -0.0419766, 0.341588, 6.33299e-08, 0.99253, 0.121969, -0.344157, -0.114518, 0.931901, 0.496628, 2.20109, -1.29113)

[node name="PathFollow" parent="ViewportContainer/Viewport/Level/FollowPaths/PlayerPath" index="1"]
transform = Transform3D(0.980417, 0, 0.196083, 0, 0.999798, 0, -0.196083, 0, 0.980417, 0.5, 2.2, -1.3)
progress = 16.6667

[node name="PlanetStardust" parent="ViewportContainer/Viewport/Level/Ground" index="1"]
visible = true

[node name="LamaLost" parent="ViewportContainer/Viewport/Level/Ground/PlanetStardust" index="0"]
transform = Transform3D(-0.829456, 9.35152e-05, -0.558572, -2.80124e-10, 1, 0.000167419, 0.558571, 0.000138867, -0.829457, -4.69336, 1.70155, -10.3192)

[node name="Ufo" parent="ViewportContainer/Viewport/Level/Ground/PlanetStardust" index="1"]
transform = Transform3D(-0.81383, 0.107235, -0.571118, 3.3155e-07, 0.982824, 0.184539, 0.581097, 0.150183, -0.799855, -4.70804, 4.8628, -10.8321)

[node name="Alien" parent="ViewportContainer/Viewport/Level/Ground/PlanetStardust" index="2"]
transform = Transform3D(-0.963946, 0.000852068, 0.26593, 5.93699e-09, 0.999701, -0.00320373, -0.265976, -0.00308803, -0.96378, 0.995202, 1.29361, -4.19556)

[node name="Environment" parent="ViewportContainer/Viewport/Level" index="5"]
planet_height = 0.81
stars_progress = 0.0
stars_angle = 0.69
stars_distance = -0.27

[node name="PlanetPivot" parent="ViewportContainer/Viewport/Level/Environment" index="2"]
transform = Transform3D(1, 0, 0, 0, 0.947508, -0.31973, 0, 0.31973, 0.947508, 0, 0, 0)

[node name="Planet" parent="ViewportContainer/Viewport/Level/Environment/PlanetPivot" index="0"]
transform = Transform3D(-0.34988, -0.00292934, -0.00868101, 0, 0.331628, -0.111905, 0.00916193, -0.111867, -0.331514, 0, 0, -64)
surface_material_override/0 = SubResource("ShaderMaterial_v637u")

[node name="Stars" parent="ViewportContainer/Viewport/Level/Environment" index="4"]
transform = Transform3D(0.858357, 0.512029, -0.0323846, -0.465705, 0.751106, -0.46793, -0.215269, 0.416733, 0.883172, 0, 0, 34.56)
star1_progress = 1.0
star2_progress = 1.0
star3_progress = 1.0
star4_progress = 1.0
star5_progress = 1.0
star6_progress = 1.0
star7_progress = 1.0
star8_progress = 1.0
star9_progress = 1.0
star10_progress = 1.0
star11_progress = 1.0

[node name="PathFollow3D" parent="ViewportContainer/Viewport/Level/Environment/Stars/Paths/StarPath3D1" index="0"]
transform = Transform3D(-0.275643, -0.458082, 0.844925, -0.0100716, 0.88032, 0.473981, -0.961056, 0.122158, -0.247302, 0.000135951, 7.62343e-05, -4.00376e-05)
progress = 113.357

[node name="PathFollow3D" parent="ViewportContainer/Viewport/Level/Environment/Stars/Paths/StarPath3D2" index="0"]
transform = Transform3D(-0.275649, -0.458089, 0.844951, -0.0100718, 0.880332, 0.473996, -0.961077, 0.12216, -0.24731, 0.000135951, 7.62343e-05, -4.00376e-05)
progress = 113.357

[node name="PathFollow3D" parent="ViewportContainer/Viewport/Level/Environment/Stars/Paths/StarPath3D3" index="0"]
transform = Transform3D(-0.27565, -0.458097, 0.844948, -0.0100718, 0.880348, 0.473994, -0.961082, 0.122162, -0.247309, 0.000135951, 7.62343e-05, -4.00376e-05)
progress = 113.357

[node name="PathFollow3D" parent="ViewportContainer/Viewport/Level/Environment/Stars/Paths/StarPath3D4" index="0"]
transform = Transform3D(-0.275654, -0.458102, 0.844957, -0.010072, 0.880358, 0.473999, -0.961095, 0.122164, -0.247312, 0.000135951, 7.62343e-05, -4.00376e-05)
progress = 113.357

[node name="PathFollow3D" parent="ViewportContainer/Viewport/Level/Environment/Stars/Paths/StarPath3D5" index="0"]
transform = Transform3D(-0.27564, -0.458072, 0.84492, -0.0100715, 0.8803, 0.473979, -0.961047, 0.122155, -0.247301, 0.000135951, 7.62343e-05, -4.00376e-05)
progress = 113.357

[node name="PathFollow3D" parent="ViewportContainer/Viewport/Level/Environment/Stars/Paths/StarPath3D6" index="0"]
transform = Transform3D(-0.275648, -0.458089, 0.844937, -0.0100718, 0.880333, 0.473988, -0.961074, 0.12216, -0.247306, 0.000135951, 7.62343e-05, -4.00376e-05)
progress = 113.357

[node name="PathFollow3D" parent="ViewportContainer/Viewport/Level/Environment/Stars/Paths/StarPath3D7" index="0"]
transform = Transform3D(-0.275654, -0.458096, 0.844962, -0.010072, 0.880347, 0.474002, -0.961093, 0.122162, -0.247313, 0.000135951, 7.62343e-05, -4.00376e-05)
progress = 113.357

[node name="PathFollow3D" parent="ViewportContainer/Viewport/Level/Environment/Stars/Paths/StarPath3D8" index="0"]
transform = Transform3D(-0.275653, -0.458104, 0.844955, -0.0100719, 0.880362, 0.473998, -0.961091, 0.122164, -0.247311, 0.000135951, 7.62343e-05, -4.00376e-05)
progress = 113.357

[node name="PathFollow3D" parent="ViewportContainer/Viewport/Level/Environment/Stars/Paths/StarPath3D9" index="0"]
transform = Transform3D(-0.275653, -0.458102, 0.844954, -0.010072, 0.880356, 0.473998, -0.961092, 0.122163, -0.247311, 0.000135951, 7.62343e-05, -4.00376e-05)
progress = 113.357

[node name="PathFollow3D" parent="ViewportContainer/Viewport/Level/Environment/Stars/Paths/StarPath3D10" index="0"]
transform = Transform3D(-0.27564, -0.458073, 0.84492, -0.0100715, 0.880302, 0.473979, -0.961047, 0.122156, -0.247301, 0.000135951, 7.62343e-05, -4.00376e-05)
progress = 113.357

[node name="PathFollow3D" parent="ViewportContainer/Viewport/Level/Environment/Stars/Paths/StarPath3D11" index="0"]
transform = Transform3D(-0.275654, -0.458103, 0.844956, -0.010072, 0.880359, 0.473999, -0.961093, 0.122164, -0.247311, 0.000135951, 7.62343e-05, -4.00376e-05)
progress = 113.357

[node name="PathFollow3D" parent="ViewportContainer/Viewport/Level/Environment/Stars/Paths/StarPath3D12" index="0"]
transform = Transform3D(0.987432, -0.0422894, -0.151282, 1.86236e-09, 0.962926, -0.269183, 0.15708, 0.265837, 0.950979, -22.4046, -36.8055, 3.40631)

[node name="Star1" parent="ViewportContainer/Viewport/Level/Environment/Stars" index="1"]
transform = Transform3D(-0.500888, -0.045477, 0.864273, 0.456399, 0.834565, 0.308433, -0.73532, 0.548977, -0.39729, -12.2437, -6.52511, -19.3795)

[node name="Star2" parent="ViewportContainer/Viewport/Level/Environment/Stars" index="2"]
transform = Transform3D(-0.30354, 0.432795, 0.848835, 0.664885, 0.734334, -0.136664, -0.682506, 0.522892, -0.510649, -3.05649, -5.56201, -25.2363)

[node name="Star3" parent="ViewportContainer/Viewport/Level/Environment/Stars" index="3"]
transform = Transform3D(-0.500912, -0.0454781, 0.864283, 0.456422, 0.834588, 0.308436, -0.735357, 0.548992, -0.397294, 1.21187, -1.14607, -23.3054)

[node name="Star4" parent="ViewportContainer/Viewport/Level/Environment/Stars" index="4"]
transform = Transform3D(-0.416384, 0.200479, 0.886802, 0.57324, 0.814974, 0.0849102, -0.70571, 0.543707, -0.45426, 7.38279, -0.640392, -28.549)

[node name="Star5" parent="ViewportContainer/Viewport/Level/Environment/Stars" index="5"]
transform = Transform3D(-0.170068, 0.635647, 0.753007, 0.725096, 0.598177, -0.341189, -0.667313, 0.487976, -0.562641, -15.6759, -12.3196, -16.8016)

[node name="Star6" parent="ViewportContainer/Viewport/Level/Environment/Stars" index="6"]
transform = Transform3D(-0.170069, 0.635649, 0.753006, 0.725099, 0.598178, -0.34119, -0.667316, 0.487976, -0.562641, -5.19182, -9.71046, -23.4388)

[node name="Star7" parent="ViewportContainer/Viewport/Level/Environment/Stars" index="7"]
transform = Transform3D(-0.0250756, 0.795199, 0.605809, 0.749796, 0.415768, -0.514716, -0.661194, 0.441325, -0.606665, 4.97003, -4.09799, -22.8141)

[node name="Star8" parent="ViewportContainer/Viewport/Level/Environment/Stars" index="8"]
transform = Transform3D(-0.416383, 0.20048, 0.886792, 0.57324, 0.814978, 0.0849095, -0.705709, 0.54371, -0.454255, 11.4848, -2.21104, -28.6014)

[node name="Star9" parent="ViewportContainer/Viewport/Level/Environment/Stars" index="9"]
transform = Transform3D(-0.303537, 0.4328, 0.848845, 0.664878, 0.734341, -0.136666, -0.682498, 0.522898, -0.510656, -8.11707, -14.2341, -17.2474)

[node name="Star10" parent="ViewportContainer/Viewport/Level/Environment/Stars" index="10"]
transform = Transform3D(-0.17007, 0.635636, 0.752999, 0.725103, 0.598167, -0.341185, -0.667319, 0.487968, -0.562635, -0.305419, -10.7013, -23.8149)

[node name="Star11" parent="ViewportContainer/Viewport/Level/Environment/Stars" index="11"]
transform = Transform3D(-0.303539, 0.4328, 0.848837, 0.664882, 0.734343, -0.136664, -0.682502, 0.522899, -0.510651, 6.80409, -7.52406, -21.8665)

[node name="Star12" parent="ViewportContainer/Viewport/Level/Environment/Stars" index="12"]
transform = Transform3D(0.616387, 0.767785, -0.174838, -0.708331, 0.443619, -0.549058, -0.344002, 0.462277, 0.817282, -18.8205, -33.0613, -16.9752)

[node name="PlayerCamera" parent="ViewportContainer/Viewport/Level" index="6"]
transform = Transform3D(0.938911, -0.0419766, 0.341588, 6.33299e-08, 0.99253, 0.121969, -0.344157, -0.114518, 0.931901, 0.496628, 2.20109, -1.29113)

[node name="ScreenOverlay" parent="." instance=ExtResource("4_p5m14")]

[editable path="ViewportContainer/Viewport/Level"]
[editable path="ViewportContainer/Viewport/Level/FollowPaths/CharacterPath"]
[editable path="ViewportContainer/Viewport/Level/FollowPaths/AlienPath"]
[editable path="ViewportContainer/Viewport/Level/FollowPaths/LamaPath"]
[editable path="ViewportContainer/Viewport/Level/FollowPaths/UfoPath"]
[editable path="ViewportContainer/Viewport/Level/FollowPaths/PlayerPath"]
[editable path="ViewportContainer/Viewport/Level/Ground/Station/Computers/Computer_01"]
[editable path="ViewportContainer/Viewport/Level/Ground/Station/Computers/Computer_03"]
[editable path="ViewportContainer/Viewport/Level/Ground/Station/Computers/Computer_04"]
[editable path="ViewportContainer/Viewport/Level/Ground/Station/Computers/Computer_05"]
[editable path="ViewportContainer/Viewport/Level/Environment"]
[editable path="ViewportContainer/Viewport/Level/Environment/Stars"]
