[gd_scene load_steps=4 format=3 uid="uid://bw70w15xhifwc"]

[ext_resource type="PackedScene" uid="uid://uk3s0fjb5pmh" path="res://level/level.tscn" id="4_7ey7j"]
[ext_resource type="PackedScene" uid="uid://n088b8ab4tef" path="res://ui/screen_overlay.tscn" id="4_p5m14"]

[sub_resource type="AnimationNodeStateMachinePlayback" id="AnimationNodeStateMachinePlayback_wyxcb"]

[node name="GameWindow" type="Window"]
initial_position = 1
title = "Adventure"
size = Vector2i(1280, 720)
extend_to_title = true
content_scale_size = Vector2i(1280, 720)
content_scale_aspect = 4

[node name="ViewportContainer" type="SubViewportContainer" parent="."]
texture_filter = 6
texture_repeat = 1
anchors_preset = 15
anchor_right = 1.0
anchor_bottom = 1.0
grow_horizontal = 2
grow_vertical = 2
stretch = true

[node name="Viewport" type="SubViewport" parent="ViewportContainer"]
unique_name_in_owner = true
handle_input_locally = false
screen_space_aa = 1
audio_listener_enable_3d = true
size = Vector2i(1280, 720)
render_target_update_mode = 4

[node name="Level" parent="ViewportContainer/Viewport" instance=ExtResource("4_7ey7j")]

[node name="StateTree" parent="ViewportContainer/Viewport/Level" index="0"]
parameters/playback = SubResource("AnimationNodeStateMachinePlayback_wyxcb")

[node name="Character" parent="ViewportContainer/Viewport/Level" index="2"]
transform = Transform3D(-0.326361, -5.34115e-05, -0.945245, 0, 1, -5.65054e-05, 0.945245, -1.84412e-05, -0.326361, -8.91717, 1.09906, -3.44233)

[node name="Spaceship" parent="ViewportContainer/Viewport/Level" index="3"]
transform = Transform3D(1, 0, 0, 0, 1, 0, 0, 0, 1, 0, 0.034845, 0)
door_open = false
siren_active = true

[node name="CharacterPath" parent="ViewportContainer/Viewport/Level/FollowPaths" index="0"]
visible = true
progress_ratio = 0.17

[node name="RemoteTransform" parent="ViewportContainer/Viewport/Level/FollowPaths/CharacterPath" index="0"]
transform = Transform3D(-0.326361, -5.34115e-05, -0.945245, 0, 1, -5.65054e-05, 0.945245, -1.84412e-05, -0.326361, -8.91717, 1.09906, -3.44233)

[node name="PathFollow" parent="ViewportContainer/Viewport/Level/FollowPaths/CharacterPath" index="1"]
transform = Transform3D(0.326434, 0, 0.945055, 0, 0.999798, 0, -0.945055, 0, 0.326434, -8.90882, 1.09917, -3.43972)
progress = 2.69074

[node name="RemoteTransform" parent="ViewportContainer/Viewport/Level/FollowPaths/AlienPath" index="0"]
transform = Transform3D(-0.952962, -4.97069e-05, 0.303089, -1.27329e-11, 1, 0.000164001, -0.303089, 0.000156287, -0.952962, 0.779878, 1.01777, -4.00766)

[node name="PathFollow" parent="ViewportContainer/Viewport/Level/FollowPaths/AlienPath" index="1"]
transform = Transform3D(0.952779, 0, -0.303156, 0, 0.999828, 0, 0.303156, 0, 0.952779, 0.777695, 1.01744, -4.00001)

[node name="RemoteTransform" parent="ViewportContainer/Viewport/Level/FollowPaths/UfoPath" index="0"]
transform = Transform3D(0.00340783, 0.0558358, 0.998432, -3.72528e-09, 0.99844, -0.055836, -0.999992, 0.000190275, 0.00340252, -19.3996, 0.802411, -41.1932)

[node name="PathFollow" parent="ViewportContainer/Viewport/Level/FollowPaths/UfoPath" index="1"]
transform = Transform3D(-4.37051e-08, 0.0570408, -0.998239, 0, 0.998214, 0.0570422, 0.999855, 2.49333e-09, -4.36344e-08, -19.4, 0.8, -41.2)

[node name="PlayerPath" parent="ViewportContainer/Viewport/Level/FollowPaths" index="4"]
visible = true
progress_ratio = 0.29
pivot = -0.25
tilt = 0.25
turn_speed = 1.0

[node name="RemoteTransform" parent="ViewportContainer/Viewport/Level/FollowPaths/PlayerPath" index="0"]
transform = Transform3D(0.435626, -0.0786621, -0.896683, -2.6077e-08, 0.996173, -0.08739, 0.900127, 0.0380694, 0.433959, -9.51788, 2.50216, -2.24343)
remote_path = NodePath("../../../../PlayerCamera")

[node name="PathFollow" parent="ViewportContainer/Viewport/Level/FollowPaths/PlayerPath" index="1"]
transform = Transform3D(0.33124, 0, 0.943379, 0, 0.999798, 0, -0.943379, 0, 0.33124, -9.52516, 2.50218, -2.24656)
progress = 5.58855

[node name="LookTargetPivot" parent="ViewportContainer/Viewport/Level/FollowPaths/PlayerPath/PathFollow" index="1"]
transform = Transform3D(0.707107, 0, 0.707107, 0, 1, 0, -0.707107, 0, 0.707107, 0, 0, 0)

[node name="LookTargetTilt" parent="ViewportContainer/Viewport/Level/FollowPaths/PlayerPath/PathFollow/LookTargetPivot" index="0"]
transform = Transform3D(1, 0, 0, 0, 0.996195, 0.0871558, 0, -0.0871558, 0.996195, 0, 0, 0)

[node name="Station" parent="ViewportContainer/Viewport/Level/Ground" index="0"]
visible = true

[node name="Ufo" parent="ViewportContainer/Viewport/Level/Ground/PlanetStardust" index="0"]
transform = Transform3D(-0.950352, 0.0061164, -0.311121, -1.62982e-09, 0.999806, 0.0196555, 0.311181, 0.0186796, -0.950169, -2.4046, 4.00071, -9.40878)

[node name="ufo" parent="ViewportContainer/Viewport/Level/Ground/PlanetStardust/Ufo" index="4"]
transform = Transform3D(0.986388, 0.115874, 0.116671, -0.116671, 0.993171, 0, -0.115874, -0.013612, 0.99317, 0, 0, 0)

[node name="beam" parent="ViewportContainer/Viewport/Level/Ground/PlanetStardust/Ufo/ufo" index="13"]
transform = Transform3D(0.978993, 0.184589, 0.0866052, -0.112898, 0.137047, 0.98411, 0.169787, -0.973212, 0.155009, 0.000773549, -0.62613, -0.0658131)

[node name="Alien" parent="ViewportContainer/Viewport/Level/Ground/PlanetStardust" index="1"]
transform = Transform3D(-0.95293, -4.96923e-05, 0.30303, -1.27325e-11, 0.999705, 0.000163969, -0.303079, 0.000156241, -0.952776, 0.779878, 1.01777, -4.00766)

[node name="Planet" parent="ViewportContainer/Viewport/Level" index="6"]
transform = Transform3D(-0.249969, 7.45058e-09, -0.00392246, 0.0027736, 0.176777, -0.176755, 0.00277359, -0.176777, -0.176755, 3.72275, 28.7924, -54.9282)

[node name="PlayerCamera" type="Camera3D" parent="ViewportContainer/Viewport"]
unique_name_in_owner = true
transform = Transform3D(0.435626, -0.0786621, -0.896683, -2.6077e-08, 0.996173, -0.08739, 0.900127, 0.0380694, 0.433959, -9.51788, 2.50216, -2.24343)
fov = 65.0

[node name="ScreenOverlay" parent="." instance=ExtResource("4_p5m14")]

[editable path="ViewportContainer/Viewport/Level"]
[editable path="ViewportContainer/Viewport/Level/FollowPaths/CharacterPath"]
[editable path="ViewportContainer/Viewport/Level/FollowPaths/AlienPath"]
[editable path="ViewportContainer/Viewport/Level/FollowPaths/LamaPath"]
[editable path="ViewportContainer/Viewport/Level/FollowPaths/UfoPath"]
[editable path="ViewportContainer/Viewport/Level/FollowPaths/PlayerPath"]
[editable path="ViewportContainer/Viewport/Level/Ground/Station/Computers/Computer_01"]
[editable path="ViewportContainer/Viewport/Level/Ground/Station/Computers/Computer_01/starmap"]
[editable path="ViewportContainer/Viewport/Level/Ground/Station/Computers/Computer_03"]
[editable path="ViewportContainer/Viewport/Level/Ground/Station/Computers/Computer_03/starmap"]
[editable path="ViewportContainer/Viewport/Level/Ground/Station/Computers/Computer_04"]
[editable path="ViewportContainer/Viewport/Level/Ground/Station/Computers/Computer_04/starmap"]
[editable path="ViewportContainer/Viewport/Level/Ground/Station/Computers/Computer_05"]
[editable path="ViewportContainer/Viewport/Level/Ground/Station/Computers/Computer_05/starmap"]
[editable path="ViewportContainer/Viewport/Level/Ground/PlanetStardust/Ufo"]
[editable path="ViewportContainer/Viewport/Level/Environment"]
