[gd_scene load_steps=11 format=3 uid="uid://bw70w15xhifwc"]

[ext_resource type="Script" path="res://ui/game_window.gd" id="1_ky7hr"]
[ext_resource type="Shader" path="res://shaders/toon.gdshader" id="3_v1x1n"]
[ext_resource type="PackedScene" uid="uid://dahkxa81prn10" path="res://level/level.tscn" id="4_7ey7j"]
[ext_resource type="PackedScene" uid="uid://bi2ttsoa7h87g" path="res://components/remote_follow_path.tscn" id="4_qyilq"]
[ext_resource type="Curve3D" uid="uid://bnnm33024rtvp" path="res://characters/player/player_position_path.tres" id="5_uw7ls"]

[sub_resource type="AnimationNodeStateMachinePlayback" id="AnimationNodeStateMachinePlayback_shlpt"]

[sub_resource type="Gradient" id="Gradient_md7p6"]
offsets = PackedFloat32Array(0.251121, 0.345291, 0.484305, 0.618834, 0.757848)
colors = PackedColorArray(0.264853, 0.115738, 0.374003, 1, 0.398074, 0.405165, 0.773843, 1, 0.327519, 0.424305, 0.763903, 1, 0.331718, 0.624834, 0.866443, 1, 0.333333, 0.701961, 0.905882, 1)

[sub_resource type="FastNoiseLite" id="FastNoiseLite_kuh6x"]
noise_type = 3
fractal_octaves = 4
fractal_lacunarity = 1.98
domain_warp_enabled = true
domain_warp_type = 1
domain_warp_amplitude = 2.239
domain_warp_frequency = 0.333
domain_warp_fractal_octaves = 2
domain_warp_fractal_lacunarity = 2.0

[sub_resource type="NoiseTexture2D" id="NoiseTexture2D_e8406"]
width = 1024
height = 1024
seamless = true
seamless_blend_skirt = 0.13
color_ramp = SubResource("Gradient_md7p6")
noise = SubResource("FastNoiseLite_kuh6x")

[sub_resource type="ShaderMaterial" id="ShaderMaterial_63kun"]
resource_local_to_scene = true
render_priority = 0
shader = ExtResource("3_v1x1n")
shader_parameter/albedo = Color(1, 1, 1, 1)
shader_parameter/specular = 0.5
shader_parameter/specular_amount = 0.5
shader_parameter/specular_smoothness = 0.05
shader_parameter/wrap = 0.227
shader_parameter/rim = 0.406
shader_parameter/rim_amount = 0.567
shader_parameter/rim_smoothness = 0.359
shader_parameter/metallic = 0.122
shader_parameter/roughness = 1.0
shader_parameter/emission = Color(0, 0, 0, 1)
shader_parameter/emission_energy = 0.0
shader_parameter/albedo_texture = SubResource("NoiseTexture2D_e8406")
shader_parameter/emission_texture = SubResource("NoiseTexture2D_e8406")

[node name="GameWindow" type="Window"]
initial_position = 1
title = "Adventure"
size = Vector2i(1280, 720)
extend_to_title = true
content_scale_size = Vector2i(1280, 720)
content_scale_aspect = 4
script = ExtResource("1_ky7hr")

[node name="ViewportContainer" type="SubViewportContainer" parent="."]
anchors_preset = 15
anchor_right = 1.0
anchor_bottom = 1.0
grow_horizontal = 2
grow_vertical = 2
stretch = true

[node name="Viewport" type="SubViewport" parent="ViewportContainer"]
unique_name_in_owner = true
handle_input_locally = false
use_taa = true
size = Vector2i(1280, 720)
render_target_update_mode = 4

[node name="Level" parent="ViewportContainer/Viewport" instance=ExtResource("4_7ey7j")]

[node name="StateTree" parent="ViewportContainer/Viewport/Level" index="0"]
parameters/playback = SubResource("AnimationNodeStateMachinePlayback_shlpt")

[node name="Character" parent="ViewportContainer/Viewport/Level" index="2"]
transform = Transform3D(-0.625084, -0.000418356, -0.780557, 0, 1, -0.000535971, 0.780557, -0.000335027, -0.625084, -5.90855, 0.974806, -1.87185)

[node name="CharacterPath" parent="ViewportContainer/Viewport/Level/FollowPaths" index="0"]
progress_ratio = 0.139

[node name="RemoteTransform" parent="ViewportContainer/Viewport/Level/FollowPaths/CharacterPath" index="0"]
transform = Transform3D(-0.625084, -0.000418356, -0.780557, 0, 1, -0.000535971, 0.780557, -0.000335027, -0.625084, -5.90855, 0.974806, -1.87185)

[node name="PathFollow" parent="ViewportContainer/Viewport/Level/FollowPaths/CharacterPath" index="1"]
transform = Transform3D(0.624338, 0, 0.780978, 0, 0.999798, 0, -0.780978, 0, 0.624338, -5.91687, 0.975872, -1.87635)
progress = 1.70178

[node name="LookTargetPivot" parent="ViewportContainer/Viewport/Level/FollowPaths/CharacterPath/PathFollow" index="1"]
transform = Transform3D(1, 0, 0, 0, 1, 0, 0, 0, 1, 0, 0, 0)

[node name="RemoteTransform" parent="ViewportContainer/Viewport/Level/FollowPaths/AlienFollowPath" index="0"]
transform = Transform3D(-0.978274, 0.0178623, -0.206538, -0.0216364, 0.982042, 0.187412, 0.206178, 0.18781, -0.96032, 0.57299, 0.947127, -5.16715)

[node name="PathFollow" parent="ViewportContainer/Viewport/Level/FollowPaths/AlienFollowPath" index="1"]
transform = Transform3D(-0.906818, 0, 0.421123, 0, 0.999828, 0, -0.421123, 0, -0.906818, 0.475702, 0.271153, 0.110254)

[node name="RemoteTransform" parent="ViewportContainer/Viewport/Level/FollowPaths/LamaFollowPath" index="0"]
transform = Transform3D(-0.924626, -0.0865393, 0.370911, -0.0204499, 0.983719, 0.178538, -0.380323, 0.157497, -0.911343, -1.0923, 1.28593, -5.28451)

[node name="PathFollow" parent="ViewportContainer/Viewport/Level/FollowPaths/LamaFollowPath" index="1"]
transform = Transform3D(-0.531295, 0, -0.847044, 0, 0.999818, 0, 0.847044, 0, -0.531295, -1.10286, 0.465399, -0.0335197)

[node name="RemoteTransform" parent="ViewportContainer/Viewport/Level/FollowPaths/UfoFollowPath" index="0"]
transform = Transform3D(-0.975491, -0.104865, 0.193435, -0.0215749, 0.920474, 0.390205, -0.218971, 0.376469, -0.900178, -15.1357, 2.72691, -18.0271)

[node name="PathFollow" parent="ViewportContainer/Viewport/Level/FollowPaths/UfoFollowPath" index="1"]
transform = Transform3D(-0.510022, -0.100373, -0.854117, -0.0253624, 0.994319, -0.101711, 0.859621, -0.0302156, -0.509758, -15.1746, -0.594242, -8.87662)

[node name="Planet" parent="ViewportContainer/Viewport/Level" index="7"]
transform = Transform3D(-0.249969, 0, -0.00392246, 0, 0.25, 0, 0.00392246, 0, -0.249969, 3.72275, 28.7924, -54.9282)
surface_material_override/0 = SubResource("ShaderMaterial_63kun")

[node name="PathFollow3D" parent="ViewportContainer/Viewport/Level/Stars/Paths/StarPath3D1" index="0"]
transform = Transform3D(-0.970815, -0.00954385, -0.239187, 4.65611e-10, 0.9991, -0.0398645, 0.239379, -0.0387056, -0.970036, 65, 3.39002e-06, 1)

[node name="PathFollow3D" parent="ViewportContainer/Viewport/Level/Stars/Paths/StarPath3D2" index="0"]
transform = Transform3D(-0.970844, -0.00954408, -0.239197, 4.65625e-10, 0.999124, -0.0398661, 0.239386, -0.0387066, -0.970075, 65, 3.39002e-06, 1)

[node name="PathFollow3D" parent="ViewportContainer/Viewport/Level/Stars/Paths/StarPath3D3" index="0"]
transform = Transform3D(-0.970844, -0.00954425, -0.239194, 4.65625e-10, 0.999142, -0.0398657, 0.239386, -0.0387073, -0.970065, 65, 3.39002e-06, 1)

[node name="PathFollow3D" parent="ViewportContainer/Viewport/Level/Stars/Paths/StarPath3D4" index="0"]
transform = Transform3D(-0.970847, -0.00954424, -0.239195, 4.65626e-10, 0.999141, -0.0398658, 0.239387, -0.0387072, -0.970068, 65, 3.39002e-06, 1)

[node name="PathFollow3D" parent="ViewportContainer/Viewport/Level/Stars/Paths/StarPath3D5" index="0"]
transform = Transform3D(-0.970768, -0.00954322, -0.239178, 4.65588e-10, 0.999034, -0.039863, 0.239367, -0.0387031, -0.969999, 65, 3.39002e-06, 1)

[node name="Star1" parent="ViewportContainer/Viewport/Level/Stars" index="1"]
transform = Transform3D(0.968807, 0.0968834, 0.227617, 0.0834886, -0.994096, 0.0677727, 0.232865, -0.0466607, -0.97127, -64.7402, -5.7139, 1.4352)

[node name="Star2" parent="ViewportContainer/Viewport/Level/Stars" index="2"]
transform = Transform3D(0.743979, -0.635739, 0.205362, -0.627479, -0.77045, -0.111882, 0.229367, -0.0456261, -0.972193, -49.7515, 41.8091, 1.66951)

[node name="Star3" parent="ViewportContainer/Viewport/Level/Stars" index="3"]
transform = Transform3D(-2.87546e-08, -0.999142, 0.0398657, -0.970844, -0.00954424, -0.239194, 0.239386, -0.0387072, -0.970065, -5.60284e-06, 65, 0.999999)

[node name="Star4" parent="ViewportContainer/Viewport/Level/Stars" index="4"]
transform = Transform3D(-0.795271, -0.580902, -0.173071, -0.556856, 0.812974, -0.169853, 0.239387, -0.0387072, -0.970068, 53.2449, 37.2825, 1)

[node name="Star5" parent="ViewportContainer/Viewport/Level/Stars" index="5"]
transform = Transform3D(-0.95602, 0.164082, -0.242466, 0.168572, 0.985514, 0.00227533, 0.239367, -0.0387031, -0.969999, 64.0125, -11.2871, 1)

[node name="PlayerFollowPath" parent="ViewportContainer/Viewport" instance=ExtResource("4_qyilq")]
unique_name_in_owner = true
curve = ExtResource("5_uw7ls")
progress = 26.5
progress_ratio = 0.329

[node name="RemoteTransform" parent="ViewportContainer/Viewport/PlayerFollowPath" index="0"]
transform = Transform3D(0.650081, -0.000136257, -0.759865, 1.52795e-10, 1, -0.000179318, 0.759864, 0.000116571, 0.650081, -9.84454, 2.22705, 2.64164)
remote_path = NodePath("../../PlayerCamera")
use_global_coordinates = true

[node name="PathFollow" parent="ViewportContainer/Viewport/PlayerFollowPath" index="1"]
transform = Transform3D(-0.650162, 0, 0.759617, 0, 0.999798, 0, -0.759617, 0, -0.650162, -9.83922, 2.22741, 2.63768)
progress = 6.59832
cubic_interp = false

[node name="PlayerCamera" type="Camera3D" parent="ViewportContainer/Viewport"]
transform = Transform3D(0.650081, -0.000136257, -0.759865, 1.52795e-10, 1, -0.000179318, 0.759864, 0.000116571, 0.650081, -9.84454, 2.22705, 2.64164)

[editable path="ViewportContainer/Viewport/Level"]
[editable path="ViewportContainer/Viewport/Level/FollowPaths/CharacterPath"]
[editable path="ViewportContainer/Viewport/Level/FollowPaths/AlienFollowPath"]
[editable path="ViewportContainer/Viewport/Level/FollowPaths/LamaFollowPath"]
[editable path="ViewportContainer/Viewport/Level/FollowPaths/UfoFollowPath"]
[editable path="ViewportContainer/Viewport/Level/SpaceStation/buildings/computer"]
[editable path="ViewportContainer/Viewport/Level/Stars/Star1"]
[editable path="ViewportContainer/Viewport/Level/Stars/Star2"]
[editable path="ViewportContainer/Viewport/Level/Stars/Star3"]
[editable path="ViewportContainer/Viewport/Level/Stars/Star4"]
[editable path="ViewportContainer/Viewport/Level/Stars/Star5"]
[editable path="ViewportContainer/Viewport/PlayerFollowPath"]
