[gd_scene load_steps=9 format=3 uid="uid://bw70w15xhifwc"]

[ext_resource type="Shader" path="res://level/environment/materials/planet_material.gdshader" id="2_ney6o"]
[ext_resource type="PackedScene" uid="uid://uk3s0fjb5pmh" path="res://level/level.tscn" id="4_7ey7j"]
[ext_resource type="PackedScene" uid="uid://n088b8ab4tef" path="res://ui/screen_overlay.tscn" id="4_p5m14"]

[sub_resource type="FastNoiseLite" id="FastNoiseLite_kuh6x"]
noise_type = 3
frequency = 0.0055
fractal_octaves = 9
fractal_lacunarity = 2.592
fractal_gain = 0.338
fractal_weighted_strength = 1.0
domain_warp_enabled = true
domain_warp_type = 1
domain_warp_amplitude = 51.022
domain_warp_frequency = -0.008
domain_warp_fractal_lacunarity = 2.973

[sub_resource type="NoiseTexture2D" id="NoiseTexture2D_e8406"]
width = 1024
height = 1024
in_3d_space = true
seamless = true
seamless_blend_skirt = 0.582
noise = SubResource("FastNoiseLite_kuh6x")

[sub_resource type="Gradient" id="Gradient_md7p6"]
interpolation_mode = 2
offsets = PackedFloat32Array(0.0163934, 0.316159, 0.723653, 0.824356, 1)
colors = PackedColorArray(0.995917, 0.639579, 0.67719, 1, 1, 0.514859, 0.306439, 1, 0.553544, 0.337229, 0.968107, 1, 0.531121, 0.323095, 0.999986, 1, 0.483972, 0.136825, 0.999964, 1)

[sub_resource type="GradientTexture1D" id="GradientTexture1D_astb8"]
gradient = SubResource("Gradient_md7p6")

[sub_resource type="ShaderMaterial" id="ShaderMaterial_e25rt"]
resource_local_to_scene = true
render_priority = 0
shader = ExtResource("2_ney6o")
shader_parameter/specular = 0.5
shader_parameter/specular_amount = 0.5
shader_parameter/specular_smoothness = 0.05
shader_parameter/wrap = 0.171
shader_parameter/rim = 0.727
shader_parameter/rim_amount = 0.651
shader_parameter/rim_smoothness = 1.0
shader_parameter/metallic = 0.0
shader_parameter/roughness = 0.608
shader_parameter/emission_energy = 0.302
shader_parameter/albedo_texture = SubResource("NoiseTexture2D_e8406")
shader_parameter/color_gradient = SubResource("GradientTexture1D_astb8")

[node name="GameWindow" type="Window"]
title = "Adventure"
position = Vector2i(306, 36)
size = Vector2i(1280, 720)
extend_to_title = true
content_scale_size = Vector2i(1280, 720)
content_scale_aspect = 1

[node name="ViewportContainer" type="SubViewportContainer" parent="."]
texture_filter = 6
texture_repeat = 1
anchors_preset = 15
anchor_right = 1.0
anchor_bottom = 1.0
grow_horizontal = 2
grow_vertical = 2
stretch = true

[node name="Viewport" type="SubViewport" parent="ViewportContainer"]
unique_name_in_owner = true
handle_input_locally = false
audio_listener_enable_3d = true
size = Vector2i(1280, 720)
render_target_update_mode = 4

[node name="Level" parent="ViewportContainer/Viewport" instance=ExtResource("4_7ey7j")]
journey_progress = 0.43
journey_altitude_curve = null

[node name="Character" parent="ViewportContainer/Viewport/Level" index="1"]
transform = Transform3D(-0.990353, 1.04315e-05, -0.138531, 2.54657e-11, 1, 7.52994e-05, 0.138531, 7.45736e-05, -0.990353, -13.2931, 1.00015, -3.19279)

[node name="Spaceship" parent="ViewportContainer/Viewport/Level" index="2"]
progress_bar = 0.43

[node name="RemoteTransform" parent="ViewportContainer/Viewport/Level/FollowPaths/CharacterPath" index="0"]
transform = Transform3D(-0.990353, 1.04315e-05, -0.138531, 2.54657e-11, 1, 7.52994e-05, 0.138531, 7.45736e-05, -0.990353, -13.2931, 1.00015, -3.19279)

[node name="RemoteTransform" parent="ViewportContainer/Viewport/Level/FollowPaths/AlienPath" index="0"]
transform = Transform3D(-0.963972, 0.000852322, 0.265984, -1.80443e-09, 0.999995, -0.00320439, -0.265985, -0.00308896, -0.963971, 0.995202, 1.29361, -4.19556)

[node name="RemoteTransform" parent="ViewportContainer/Viewport/Level/FollowPaths/LamaPath" index="0"]
transform = Transform3D(-0.829454, 9.35149e-05, -0.558569, -4.00176e-11, 1, 0.000167418, 0.558569, 0.000138866, -0.829455, -4.69336, 1.70155, -10.3192)

[node name="RemoteTransform" parent="ViewportContainer/Viewport/Level/FollowPaths/UfoPath" index="0"]
transform = Transform3D(-0.813831, 0.107235, -0.571118, 1.89989e-07, 0.982824, 0.184539, 0.581097, 0.150184, -0.799855, -4.70804, 4.8628, -10.8321)

[node name="PlayerPath" parent="ViewportContainer/Viewport/Level/FollowPaths" index="4"]
progress_ratio = 1.0

[node name="RemoteTransform" parent="ViewportContainer/Viewport/Level/FollowPaths/PlayerPath" index="0"]
transform = Transform3D(0.938911, -0.0419766, 0.341588, -5.58793e-09, 0.992531, 0.121969, -0.344157, -0.114518, 0.931901, 0.496628, 2.20109, -1.29113)

[node name="PathFollow" parent="ViewportContainer/Viewport/Level/FollowPaths/PlayerPath" index="1"]
transform = Transform3D(0.980417, 0, 0.196083, 0, 0.999798, 0, -0.196083, 0, 0.980417, 0.5, 2.2, -1.3)
progress = 16.6667

[node name="LamaLost" parent="ViewportContainer/Viewport/Level/Ground/PlanetStardust" index="0"]
transform = Transform3D(-0.829454, 9.35149e-05, -0.558569, -4.00176e-11, 1, 0.000167418, 0.558569, 0.000138866, -0.829455, -4.69336, 1.70155, -10.3192)

[node name="Ufo" parent="ViewportContainer/Viewport/Level/Ground/PlanetStardust" index="1"]
transform = Transform3D(-0.813831, 0.107235, -0.571118, 1.89989e-07, 0.982824, 0.184539, 0.581097, 0.150184, -0.799855, -4.70804, 4.8628, -10.8321)

[node name="Alien" parent="ViewportContainer/Viewport/Level/Ground/PlanetStardust" index="2"]
transform = Transform3D(-0.963946, 0.000852071, 0.265932, -1.80438e-09, 0.999701, -0.00320375, -0.265977, -0.00308805, -0.96378, 0.995202, 1.29361, -4.19556)

[node name="Environment" parent="ViewportContainer/Viewport/Level" index="5"]
stars_progress = 0.0
stars_angle = 0.69
stars_distance = -0.27

[node name="Atmosphere" parent="ViewportContainer/Viewport/Level/Environment/Ground" index="1"]
size = Vector3(128, 64, 128)

[node name="PlanetPivot" parent="ViewportContainer/Viewport/Level/Environment" index="2"]
transform = Transform3D(1, 0, 0, 0, 0.915773, -0.401695, 0, 0.401695, 0.915773, 0, 0, 0)

[node name="Planet" parent="ViewportContainer/Viewport/Level/Environment/PlanetPivot" index="0"]
surface_material_override/0 = SubResource("ShaderMaterial_e25rt")

[node name="PlayerCamera" parent="ViewportContainer/Viewport/Level" index="6"]
transform = Transform3D(0.938911, -0.0419766, 0.341588, -5.58793e-09, 0.992531, 0.121969, -0.344157, -0.114518, 0.931901, 0.496628, 2.20109, -1.29113)

[node name="ScreenOverlay" parent="." instance=ExtResource("4_p5m14")]

[editable path="ViewportContainer/Viewport/Level"]
[editable path="ViewportContainer/Viewport/Level/FollowPaths/CharacterPath"]
[editable path="ViewportContainer/Viewport/Level/FollowPaths/AlienPath"]
[editable path="ViewportContainer/Viewport/Level/FollowPaths/LamaPath"]
[editable path="ViewportContainer/Viewport/Level/FollowPaths/UfoPath"]
[editable path="ViewportContainer/Viewport/Level/FollowPaths/PlayerPath"]
[editable path="ViewportContainer/Viewport/Level/Ground/Station/Computers/Computer_01"]
[editable path="ViewportContainer/Viewport/Level/Ground/Station/Computers/Computer_03"]
[editable path="ViewportContainer/Viewport/Level/Ground/Station/Computers/Computer_04"]
[editable path="ViewportContainer/Viewport/Level/Ground/Station/Computers/Computer_05"]
[editable path="ViewportContainer/Viewport/Level/Environment"]
