[gd_scene load_steps=10 format=3 uid="uid://bw70w15xhifwc"]

[ext_resource type="Script" path="res://level/spaceship/spaceship.gd" id="2_wp6bc"]
[ext_resource type="Shader" path="res://shaders/toon.gdshader" id="3_v1x1n"]
[ext_resource type="PackedScene" uid="uid://uk3s0fjb5pmh" path="res://level/level.tscn" id="4_7ey7j"]
[ext_resource type="PackedScene" uid="uid://n088b8ab4tef" path="res://ui/screen_overlay.tscn" id="4_p5m14"]

[sub_resource type="AnimationNodeStateMachinePlayback" id="AnimationNodeStateMachinePlayback_wyxcb"]

[sub_resource type="Gradient" id="Gradient_md7p6"]
offsets = PackedFloat32Array(0.251121, 0.345291, 0.484305, 0.618834, 0.757848)
colors = PackedColorArray(0.264853, 0.115738, 0.374003, 1, 0.398074, 0.405165, 0.773843, 1, 0.327519, 0.424305, 0.763903, 1, 0.331718, 0.624834, 0.866443, 1, 0.333333, 0.701961, 0.905882, 1)

[sub_resource type="FastNoiseLite" id="FastNoiseLite_kuh6x"]
noise_type = 3
fractal_octaves = 4
fractal_lacunarity = 1.98
domain_warp_enabled = true
domain_warp_type = 1
domain_warp_amplitude = 2.239
domain_warp_frequency = 0.333
domain_warp_fractal_octaves = 2
domain_warp_fractal_lacunarity = 2.0

[sub_resource type="NoiseTexture2D" id="NoiseTexture2D_e8406"]
width = 1024
height = 1024
seamless = true
seamless_blend_skirt = 0.13
color_ramp = SubResource("Gradient_md7p6")
noise = SubResource("FastNoiseLite_kuh6x")

[sub_resource type="ShaderMaterial" id="ShaderMaterial_s2ui6"]
resource_local_to_scene = true
render_priority = 0
shader = ExtResource("3_v1x1n")
shader_parameter/albedo = Color(1, 1, 1, 1)
shader_parameter/specular = 0.5
shader_parameter/specular_amount = 0.5
shader_parameter/specular_smoothness = 0.05
shader_parameter/wrap = 0.227
shader_parameter/rim = 0.406
shader_parameter/rim_amount = 0.567
shader_parameter/rim_smoothness = 0.359
shader_parameter/metallic = 0.122
shader_parameter/roughness = 1.0
shader_parameter/emission = Color(0, 0, 0, 1)
shader_parameter/emission_energy = 0.0
shader_parameter/albedo_texture = SubResource("NoiseTexture2D_e8406")
shader_parameter/emission_texture = SubResource("NoiseTexture2D_e8406")

[node name="GameWindow" type="Window"]
initial_position = 1
title = "Adventure"
size = Vector2i(1280, 720)
extend_to_title = true
content_scale_size = Vector2i(1280, 720)
content_scale_aspect = 4

[node name="ViewportContainer" type="SubViewportContainer" parent="."]
texture_filter = 6
texture_repeat = 1
anchors_preset = 15
anchor_right = 1.0
anchor_bottom = 1.0
grow_horizontal = 2
grow_vertical = 2
stretch = true

[node name="Viewport" type="SubViewport" parent="ViewportContainer"]
unique_name_in_owner = true
handle_input_locally = false
screen_space_aa = 1
size = Vector2i(1280, 720)
render_target_update_mode = 4

[node name="Level" parent="ViewportContainer/Viewport" instance=ExtResource("4_7ey7j")]

[node name="StateTree" parent="ViewportContainer/Viewport/Level" index="0"]
parameters/playback = SubResource("AnimationNodeStateMachinePlayback_wyxcb")

[node name="Spaceship" parent="ViewportContainer/Viewport/Level" index="3"]
transform = Transform3D(1, 0, 0, 0, 1, 0, 0, 0, 1, 0, 0, 0)
script = ExtResource("2_wp6bc")
seatbelts_buckled = true

[node name="PathFollow" parent="ViewportContainer/Viewport/Level/FollowPaths/CharacterPath" index="1"]
transform = Transform3D(0.70699, 0, -0.706989, 0, 0.999798, 0, 0.706989, 0, 0.70699, -8.5, 1, -3.7)

[node name="RemoteTransform" parent="ViewportContainer/Viewport/Level/FollowPaths/AlienPath" index="0"]
transform = Transform3D(-0.952003, 0.000760125, 0.306085, -2.61934e-10, 0.999997, -0.00248337, -0.306086, -0.00236418, -0.952001, 0.78405, 1.01247, -4)

[node name="PathFollow" parent="ViewportContainer/Viewport/Level/FollowPaths/AlienPath" index="1"]
transform = Transform3D(0.95278, 0, -0.303157, 0, 0.999828, 0, 0.303157, 0, 0.95278, 0.777695, 1.01744, -4.00001)

[node name="RemoteTransform" parent="ViewportContainer/Viewport/Level/FollowPaths/LamaPath" index="0"]
transform = Transform3D(-0.513738, -1.89404e-05, -0.857947, 9.09494e-13, 1, -2.20764e-05, 0.857947, -1.13415e-05, -0.513738, -8.16011, 1.24787, -8.26702)

[node name="PathFollow" parent="ViewportContainer/Viewport/Level/FollowPaths/LamaPath" index="1"]
transform = Transform3D(0.513582, 0, 0.857867, 0, 0.999818, 0, -0.857867, 0, 0.513582, -8.16635, 1.24791, -8.27054)

[node name="RemoteTransform" parent="ViewportContainer/Viewport/Level/FollowPaths/UfoPath" index="0"]
transform = Transform3D(-0.950352, 0.0061164, -0.311121, -1.62982e-09, 0.999806, 0.0196555, 0.311181, 0.0186796, -0.950169, -2.4046, 4.00071, -9.40878)

[node name="PathFollow" parent="ViewportContainer/Viewport/Level/FollowPaths/UfoPath" index="1"]
transform = Transform3D(0.685427, 0.658492, 0.310303, -0.687993, 0.725255, -0.0193939, -0.237853, -0.200217, 0.950302, -2.4, 4, -9.4)

[node name="PlayerPath" parent="ViewportContainer/Viewport/Level/FollowPaths" index="4"]
visible = true
tilt = -0.25

[node name="RemoteTransform" parent="ViewportContainer/Viewport/Level/FollowPaths/PlayerPath" index="0"]
transform = Transform3D(0.80193, 0.0521379, -0.595138, -1.15484e-07, 0.996184, 0.0872719, 0.597417, -0.0699859, 0.79887, -13.6919, 2.5998, 0.399831)
remote_path = NodePath("../../../../PlayerCamera")

[node name="PathFollow" parent="ViewportContainer/Viewport/Level/FollowPaths/PlayerPath" index="1"]
transform = Transform3D(-0.799875, 0, 0.599906, 0, 0.999798, 0, -0.599906, 0, -0.799875, -13.7, 2.6, 0.4)

[node name="LookTargetTilt" parent="ViewportContainer/Viewport/Level/FollowPaths/PlayerPath/PathFollow/LookTargetPivot" index="0"]
transform = Transform3D(1, 0, 0, 0, 0.996195, -0.0871557, 0, 0.0871557, 0.996195, 0, 0, 0)

[node name="Ufo" parent="ViewportContainer/Viewport/Level/Ground/PlanetStardust" index="0"]
transform = Transform3D(-0.950352, 0.0061164, -0.311121, -1.62982e-09, 0.999806, 0.0196555, 0.311181, 0.0186796, -0.950169, -2.4046, 4.00071, -9.40878)

[node name="Alien" parent="ViewportContainer/Viewport/Level/Ground/PlanetStardust" index="1"]
transform = Transform3D(-0.951976, 0.000759903, 0.306024, -2.61927e-10, 0.999704, -0.00248287, -0.306077, -0.00236349, -0.95181, 0.78405, 1.01247, -4)

[node name="Lama" parent="ViewportContainer/Viewport/Level/Ground/PlanetStardust" index="2"]
transform = Transform3D(-0.513738, -1.89404e-05, -0.857947, 9.09494e-13, 1, -2.20764e-05, 0.857947, -1.13415e-05, -0.513738, -8.16011, 1.24787, -8.26702)

[node name="Planet" parent="ViewportContainer/Viewport/Level" index="6"]
transform = Transform3D(-0.249969, 0, -0.00392246, 0, 0.25, 0, 0.00392246, 0, -0.249969, 3.72275, 28.7924, -54.9282)
surface_material_override/0 = SubResource("ShaderMaterial_s2ui6")

[node name="PlayerCamera" type="Camera3D" parent="ViewportContainer/Viewport"]
unique_name_in_owner = true
transform = Transform3D(0.80193, 0.0521379, -0.595138, -1.15484e-07, 0.996184, 0.0872719, 0.597417, -0.0699859, 0.79887, -13.6919, 2.5998, 0.399831)
fov = 65.0

[node name="ScreenOverlay" parent="." instance=ExtResource("4_p5m14")]

[editable path="ViewportContainer/Viewport/Level"]
[editable path="ViewportContainer/Viewport/Level/FollowPaths/CharacterPath"]
[editable path="ViewportContainer/Viewport/Level/FollowPaths/AlienPath"]
[editable path="ViewportContainer/Viewport/Level/FollowPaths/LamaPath"]
[editable path="ViewportContainer/Viewport/Level/FollowPaths/UfoPath"]
[editable path="ViewportContainer/Viewport/Level/FollowPaths/PlayerPath"]
[editable path="ViewportContainer/Viewport/Level/Ground/Station/Computers/Computer_03"]
[editable path="ViewportContainer/Viewport/Level/Ground/Station/Computers/Computer_03/starmap"]
[editable path="ViewportContainer/Viewport/Level/Ground/Station/Computers/Computer_04"]
[editable path="ViewportContainer/Viewport/Level/Ground/Station/Computers/Computer_04/starmap"]
[editable path="ViewportContainer/Viewport/Level/Environment"]
