[gd_scene load_steps=10 format=3 uid="uid://bw70w15xhifwc"]

[ext_resource type="Script" path="res://ui/game_window.gd" id="1_b56ai"]
[ext_resource type="Shader" path="res://shaders/toon.gdshader" id="3_pturu"]
[ext_resource type="PackedScene" uid="uid://dahkxa81prn10" path="res://level/level.tscn" id="4_7ey7j"]
[ext_resource type="PackedScene" uid="uid://dftilry51e2f6" path="res://characters/character/character_path.tscn" id="6_3ngje"]
[ext_resource type="PackedScene" uid="uid://cq3x5n33r2d8c" path="res://characters/character/character.tscn" id="6_8i88j"]
[ext_resource type="PackedScene" uid="uid://ciaubij6uaqb8" path="res://characters/player/player.tscn" id="7_mwy2h"]

[sub_resource type="AnimationNodeStateMachinePlayback" id="AnimationNodeStateMachinePlayback_8wvt6"]

[sub_resource type="ShaderMaterial" id="ShaderMaterial_15lxc"]
resource_local_to_scene = true
render_priority = 0
shader = ExtResource("3_pturu")
shader_parameter/albedo = Color(1, 1, 1, 1)
shader_parameter/specular = 0.5
shader_parameter/specular_amount = 0.5
shader_parameter/specular_smoothness = 0.05
shader_parameter/wrap = 0.25
shader_parameter/rim = 0.5
shader_parameter/rim_amount = 0.2
shader_parameter/rim_smoothness = 0.05
shader_parameter/metallic = 0.0
shader_parameter/roughness = 1.0
shader_parameter/emission = Color(0, 0, 0, 1)
shader_parameter/emission_energy = 1.0

[sub_resource type="Curve3D" id="Curve3D_1ax01"]

[node name="GameWindow" type="Window"]
initial_position = 1
title = "Adventure"
size = Vector2i(1280, 720)
content_scale_size = Vector2i(1280, 720)
content_scale_mode = 1
content_scale_aspect = 1
script = ExtResource("1_b56ai")

[node name="ViewportContainer" type="SubViewportContainer" parent="."]
anchors_preset = 15
anchor_right = 1.0
anchor_bottom = 1.0
grow_horizontal = 2
grow_vertical = 2
stretch = true

[node name="Viewport" type="SubViewport" parent="ViewportContainer"]
unique_name_in_owner = true
handle_input_locally = false
size = Vector2i(1280, 720)
render_target_update_mode = 4

[node name="Level" parent="ViewportContainer/Viewport" instance=ExtResource("4_7ey7j")]
state = "stars_light"

[node name="StateTree" parent="ViewportContainer/Viewport/Level" index="0"]
parameters/playback = SubResource("AnimationNodeStateMachinePlayback_8wvt6")

[node name="Spaceship" parent="ViewportContainer/Viewport/Level" index="1"]
seatbelts_buckled = false
fuel_level = 8

[node name="Planet" parent="ViewportContainer/Viewport/Level" index="2"]
transform = Transform3D(-0.249969, 0, -0.00392246, 0, 0.25, 0, 0.00392246, 0, -0.249969, 3.72275, 28.7924, -54.9282)
surface_material_override/0 = SubResource("ShaderMaterial_15lxc")

[node name="CharacterPath" type="Path3D" parent="ViewportContainer/Viewport/Level"]
curve = SubResource("Curve3D_1ax01")

[node name="Character" parent="ViewportContainer/Viewport" instance=ExtResource("6_8i88j")]
transform = Transform3D(-0.86594, 0.0221079, 0.499353, 0.0191519, 0.999593, -0.0110441, -0.499475, -7.2994e-09, -0.866152, -0.708055, 0.596685, -1.66493)
action = "talking"

[node name="Player" parent="ViewportContainer/Viewport" instance=ExtResource("7_mwy2h")]
follow_speed = 2.1
turn_speed = 2.981
max_distance = 2.9
position_progress = 0.55
view_progress = 0.52

[node name="Camera3D" parent="ViewportContainer/Viewport/Player" index="0"]
transform = Transform3D(-0.0963923, 0.105334, -0.989754, 7.07805e-08, 0.994385, 0.105827, 0.995343, 0.0102008, -0.0958509, -3.89991, 2.43151, 0.906838)

[node name="PositionPath" parent="ViewportContainer/Viewport/Player" index="1"]
visible = false

[node name="PositionTarget" parent="ViewportContainer/Viewport/Player/PositionPath" index="0"]
transform = Transform3D(0.0481864, -0.0349196, 0.998086, 0.104582, 0.993897, 0.0297261, -0.993196, 0.102962, 0.0515537, 1.48444, 0.527587, 0.869288)
progress = 8.89383

[node name="ViewPath" parent="ViewportContainer/Viewport/Player" index="2"]
visible = false

[node name="ViewTarget" parent="ViewportContainer/Viewport/Player/ViewPath" index="0"]
transform = Transform3D(-0.40203, 0.0505911, 0.914077, 0.0832908, 0.996162, -0.0185071, -0.911679, 0.0686996, -0.404778, 4.5025, 0.347011, 2.27647)
progress = 6.70751

[node name="CharacterPath" parent="ViewportContainer/Viewport" instance=ExtResource("6_3ngje")]
progress = 1.0

[node name="PathFollow" parent="ViewportContainer/Viewport/CharacterPath" index="0"]
transform = Transform3D(-0.502055, 0, -0.864658, 0, 0.999837, 0, 0.864658, 0, -0.502055, -0.721076, 0.580883, -1.66493)
progress = 9.58501
rotation_mode = 1

[node name="RemoteTransform3D" parent="ViewportContainer/Viewport/CharacterPath/PathFollow" index="1"]
transform = Transform3D(0.00298136, -4.65661e-09, -0.999996, -6.98492e-09, 1, -6.51926e-09, 0.999996, 6.51926e-09, 0.00298141, 0, 0, 0)

[editable path="ViewportContainer/Viewport/Level"]
[editable path="ViewportContainer/Viewport/Level/Environment"]
[editable path="ViewportContainer/Viewport/Player"]
[editable path="ViewportContainer/Viewport/CharacterPath"]
