[gd_scene load_steps=13 format=3 uid="uid://bw70w15xhifwc"]

[ext_resource type="Script" path="res://ui/game_window.gd" id="1_b56ai"]
[ext_resource type="Shader" path="res://shaders/toon.gdshader" id="3_5g72k"]
[ext_resource type="PackedScene" uid="uid://dahkxa81prn10" path="res://level/level.tscn" id="4_7ey7j"]
[ext_resource type="PackedScene" uid="uid://dftilry51e2f6" path="res://characters/character/character_path.tscn" id="6_3ngje"]
[ext_resource type="PackedScene" uid="uid://cq3x5n33r2d8c" path="res://characters/character/character.tscn" id="6_8i88j"]
[ext_resource type="PackedScene" uid="uid://ciaubij6uaqb8" path="res://characters/player/player.tscn" id="7_mwy2h"]

[sub_resource type="AnimationNodeStateMachinePlayback" id="AnimationNodeStateMachinePlayback_8wvt6"]

[sub_resource type="Gradient" id="Gradient_md7p6"]
offsets = PackedFloat32Array(0.251121, 0.345291, 0.484305, 0.618834, 0.757848)
colors = PackedColorArray(0.264853, 0.115738, 0.374003, 1, 0.398074, 0.405165, 0.773843, 1, 0.327519, 0.424305, 0.763903, 1, 0.331718, 0.624834, 0.866443, 1, 0.333333, 0.701961, 0.905882, 1)

[sub_resource type="FastNoiseLite" id="FastNoiseLite_kuh6x"]
noise_type = 3
fractal_octaves = 4
fractal_lacunarity = 1.98
domain_warp_enabled = true
domain_warp_type = 1
domain_warp_amplitude = 2.239
domain_warp_frequency = 0.333
domain_warp_fractal_octaves = 2
domain_warp_fractal_lacunarity = 2.0

[sub_resource type="NoiseTexture2D" id="NoiseTexture2D_e8406"]
width = 1024
height = 1024
seamless = true
seamless_blend_skirt = 0.13
color_ramp = SubResource("Gradient_md7p6")
noise = SubResource("FastNoiseLite_kuh6x")

[sub_resource type="ShaderMaterial" id="ShaderMaterial_5l5ny"]
resource_local_to_scene = true
render_priority = 0
shader = ExtResource("3_5g72k")
shader_parameter/albedo = Color(1, 1, 1, 1)
shader_parameter/specular = 0.5
shader_parameter/specular_amount = 0.5
shader_parameter/specular_smoothness = 0.05
shader_parameter/wrap = 0.227
shader_parameter/rim = 0.406
shader_parameter/rim_amount = 0.567
shader_parameter/rim_smoothness = 0.359
shader_parameter/metallic = 0.122
shader_parameter/roughness = 1.0
shader_parameter/emission = Color(0, 0, 0, 1)
shader_parameter/emission_energy = 0.0
shader_parameter/albedo_texture = SubResource("NoiseTexture2D_e8406")
shader_parameter/emission_texture = SubResource("NoiseTexture2D_e8406")

[sub_resource type="Curve3D" id="Curve3D_1ax01"]

[node name="GameWindow" type="Window"]
initial_position = 1
title = "Adventure"
size = Vector2i(1280, 720)
content_scale_size = Vector2i(1280, 720)
content_scale_mode = 1
content_scale_aspect = 1
script = ExtResource("1_b56ai")

[node name="ViewportContainer" type="SubViewportContainer" parent="."]
anchors_preset = 15
anchor_right = 1.0
anchor_bottom = 1.0
grow_horizontal = 2
grow_vertical = 2
stretch = true

[node name="Viewport" type="SubViewport" parent="ViewportContainer"]
unique_name_in_owner = true
handle_input_locally = false
size = Vector2i(1280, 720)
render_target_update_mode = 4

[node name="Level" parent="ViewportContainer/Viewport" instance=ExtResource("4_7ey7j")]
state = "warp"

[node name="StateTree" parent="ViewportContainer/Viewport/Level" index="0"]
parameters/playback = SubResource("AnimationNodeStateMachinePlayback_8wvt6")

[node name="Spaceship" parent="ViewportContainer/Viewport/Level" index="1"]
screen_state = "visualizer"
fuel_level = 8

[node name="Planet" parent="ViewportContainer/Viewport/Level" index="2"]
transform = Transform3D(-0.249969, 0, -0.00392246, 0, 0.25, 0, 0.00392246, 0, -0.249969, 3.72275, 28.7924, -54.9282)
surface_material_override/0 = SubResource("ShaderMaterial_5l5ny")

[node name="OmniLight3D" type="OmniLight3D" parent="ViewportContainer/Viewport/Level/Planet" index="0"]
omni_range = 24.053
omni_attenuation = 0.366022

[node name="CharacterPath" type="Path3D" parent="ViewportContainer/Viewport/Level"]
curve = SubResource("Curve3D_1ax01")

[node name="Character" parent="ViewportContainer/Viewport" instance=ExtResource("6_8i88j")]
transform = Transform3D(-0.0294734, 0.0221079, 0.999153, 0.000651853, 0.999593, -0.0220982, -0.999396, -6.63927e-09, -0.0294806, -0.742995, 0.902957, 0.476001)
action = "talking"

[node name="Player" parent="ViewportContainer/Viewport" instance=ExtResource("7_mwy2h")]
follow_speed = 2.1
turn_speed = 2.981
max_distance = 2.9
position_progress = 1.0
view_progress = 0.94

[node name="Camera3D" parent="ViewportContainer/Viewport/Player" index="0"]
transform = Transform3D(0.990982, 0.0019487, 0.133984, -1.57161e-09, 0.999894, -0.0145428, -0.133998, 0.0144116, 0.990877, 0.53213, 2.10987, -1.38524)

[node name="PositionPath" parent="ViewportContainer/Viewport/Player" index="1"]
visible = false

[node name="PositionTarget" parent="ViewportContainer/Viewport/Player/PositionPath" index="0"]
transform = Transform3D(-0.320023, 0.0684194, 0.944758, -0.509408, 0.828301, -0.232537, -0.798609, -0.555765, -0.230261, 5.91648, 0.20595, -1.42279)
progress = 16.1706

[node name="ViewPath" parent="ViewportContainer/Viewport/Player" index="2"]
visible = false

[node name="ViewTarget" parent="ViewportContainer/Viewport/Player/ViewPath" index="0"]
transform = Transform3D(-0.0480739, 0.457993, 0.887478, -0.195069, 0.867078, -0.45804, -0.979455, -0.195167, 0.0476641, 7.12456, 0.219234, -1.69537)
progress = 12.1251

[node name="CharacterPath" parent="ViewportContainer/Viewport" instance=ExtResource("6_3ngje")]
progress = 0.72

[node name="PathFollow" parent="ViewportContainer/Viewport/CharacterPath" index="0"]
transform = Transform3D(-0.999479, 0, -0.0265009, 0, 0.999837, 0, 0.0265009, 0, -0.999479, -0.762779, 0.886307, 0.476001)
progress = 6.44304
rotation_mode = 1

[node name="RemoteTransform3D" parent="ViewportContainer/Viewport/CharacterPath/PathFollow" index="1"]
transform = Transform3D(0.00298136, -4.65661e-09, -0.999996, -6.98492e-09, 1, -6.51926e-09, 0.999996, 6.51926e-09, 0.00298141, 0, 0, 0)

[editable path="ViewportContainer/Viewport/Level"]
[editable path="ViewportContainer/Viewport/Level/Environment"]
[editable path="ViewportContainer/Viewport/Player"]
[editable path="ViewportContainer/Viewport/CharacterPath"]
