[gd_scene load_steps=9 format=3 uid="uid://bw70w15xhifwc"]

[ext_resource type="Shader" path="res://level/environment/materials/planet_material.gdshader" id="2_i1mgy"]
[ext_resource type="PackedScene" uid="uid://uk3s0fjb5pmh" path="res://level/level.tscn" id="4_7ey7j"]
[ext_resource type="PackedScene" uid="uid://n088b8ab4tef" path="res://ui/screen_overlay.tscn" id="4_p5m14"]

[sub_resource type="FastNoiseLite" id="FastNoiseLite_kuh6x"]
noise_type = 3
frequency = 0.0055
fractal_octaves = 9
fractal_lacunarity = 2.592
fractal_gain = 0.338
fractal_weighted_strength = 1.0
domain_warp_enabled = true
domain_warp_type = 1
domain_warp_amplitude = 51.022
domain_warp_frequency = -0.008
domain_warp_fractal_lacunarity = 2.973

[sub_resource type="NoiseTexture2D" id="NoiseTexture2D_e8406"]
width = 1024
height = 1024
in_3d_space = true
seamless = true
seamless_blend_skirt = 0.582
noise = SubResource("FastNoiseLite_kuh6x")

[sub_resource type="Gradient" id="Gradient_md7p6"]
interpolation_mode = 2
offsets = PackedFloat32Array(0, 0.138173, 0.163934, 0.384075, 0.428571, 0.545667, 0.59719, 0.857143, 1)
colors = PackedColorArray(0.995917, 0.639579, 0.67719, 1, 0.998306, 0.62802, 0.63754, 1, 1.01695, 0.529085, 0.302927, 1, 1, 0.514859, 0.306439, 1, 0.787355, 0.430083, 0.620272, 1, 0.726091, 0.405851, 0.711271, 1, 0.553544, 0.337229, 0.968107, 1, 0.531121, 0.323095, 0.999986, 1, 0.483972, 0.136825, 0.999964, 1)

[sub_resource type="GradientTexture1D" id="GradientTexture1D_astb8"]
gradient = SubResource("Gradient_md7p6")

[sub_resource type="ShaderMaterial" id="ShaderMaterial_wvfgv"]
resource_local_to_scene = true
render_priority = 0
shader = ExtResource("2_i1mgy")
shader_parameter/specular = 0.5
shader_parameter/specular_amount = 0.5
shader_parameter/specular_smoothness = 0.05
shader_parameter/wrap = 0.171
shader_parameter/rim = 0.727
shader_parameter/rim_amount = 0.651
shader_parameter/rim_smoothness = 1.0
shader_parameter/metallic = 0.0
shader_parameter/roughness = 0.608
shader_parameter/emission_energy = 0.27
shader_parameter/albedo_texture = SubResource("NoiseTexture2D_e8406")
shader_parameter/color_gradient = SubResource("GradientTexture1D_astb8")

[node name="GameWindow" type="Window"]
title = "Adventure"
position = Vector2i(1, 36)
size = Vector2i(1280, 720)
extend_to_title = true
content_scale_size = Vector2i(1280, 720)
content_scale_aspect = 1

[node name="ViewportContainer" type="SubViewportContainer" parent="."]
texture_filter = 6
texture_repeat = 1
anchors_preset = 15
anchor_right = 1.0
anchor_bottom = 1.0
grow_horizontal = 2
grow_vertical = 2
stretch = true

[node name="Viewport" type="SubViewport" parent="ViewportContainer"]
unique_name_in_owner = true
handle_input_locally = false
audio_listener_enable_3d = true
size = Vector2i(1280, 720)
render_target_update_mode = 4

[node name="Level" parent="ViewportContainer/Viewport" instance=ExtResource("4_7ey7j")]
journey_progress = 1.0

[node name="Character" parent="ViewportContainer/Viewport/Level" index="1"]
transform = Transform3D(0.532429, 0.000206258, -0.846474, -9.45874e-11, 1, 0.000243667, 0.846474, -0.000129735, 0.532429, -0.909637, 0.600489, -1.7005)

[node name="CharacterPath" parent="ViewportContainer/Viewport/Level/FollowPaths" index="0"]
progress_ratio = 1.0

[node name="RemoteTransform" parent="ViewportContainer/Viewport/Level/FollowPaths/CharacterPath" index="0"]
transform = Transform3D(0.532429, 0.000206258, -0.846474, -9.45874e-11, 1, 0.000243667, 0.846474, -0.000129735, 0.532429, -0.909637, 0.600489, -1.7005)

[node name="PathFollow" parent="ViewportContainer/Viewport/Level/FollowPaths/CharacterPath" index="1"]
transform = Transform3D(0.976029, 0, 0.216895, 0, 0.999798, 0, -0.216895, 0, 0.976029, -0.9, 0.6, -1.7)
progress = 17.2106

[node name="RemoteTransform" parent="ViewportContainer/Viewport/Level/FollowPaths/AlienPath" index="0"]
transform = Transform3D(-0.9498, -0.12052, 0.288694, -1.86264e-07, 0.922815, 0.38524, -0.312841, 0.365904, -0.87649, 1.06873, 1.85935, -4.6749)

[node name="PathFollow" parent="ViewportContainer/Viewport/Level/FollowPaths/AlienPath" index="1"]
transform = Transform3D(-0.995915, 0.0257625, -0.0849161, 0, 0.956766, 0.290284, 0.088739, 0.289132, -0.953011, 1.07139, 1.86148, -4.68353)

[node name="RemoteTransform" parent="ViewportContainer/Viewport/Level/FollowPaths/LamaPath" index="0"]
transform = Transform3D(-0.829457, 9.3515e-05, -0.558574, -2.6921e-10, 1, 0.000167419, 0.558572, 0.000138867, -0.82946, -4.69336, 1.70155, -10.3192)

[node name="PathFollow" parent="ViewportContainer/Viewport/Level/FollowPaths/LamaPath" index="1"]
transform = Transform3D(-0.829347, 0, -0.558481, 0, 0.999818, 0, 0.558481, 0, -0.829347, -4.69748, 1.70122, -10.3254)

[node name="RemoteTransform" parent="ViewportContainer/Viewport/Level/FollowPaths/UfoPath" index="0"]
transform = Transform3D(0.951661, -0.0803536, 0.296452, 8.56816e-08, 0.965173, 0.26161, -0.307149, -0.248964, 0.918518, -21.8472, 4.57584, -35.4474)

[node name="PathFollow" parent="ViewportContainer/Viewport/Level/FollowPaths/UfoPath" index="1"]
transform = Transform3D(-0.919743, -0.256793, -0.296363, -0.180405, 0.948004, -0.261578, 0.348177, -0.187144, -0.918404, -21.8445, 4.57836, -35.4386)

[node name="PlayerPath" parent="ViewportContainer/Viewport/Level/FollowPaths" index="4"]
progress_ratio = 1.0
pivot = 0.02

[node name="RemoteTransform" parent="ViewportContainer/Viewport/Level/FollowPaths/PlayerPath" index="0"]
transform = Transform3D(0.990933, 0.00230348, 0.134333, 3.72529e-09, 0.999853, -0.017145, -0.134353, 0.0169896, 0.990788, 0.501692, 2.20045, -1.29044)

[node name="PathFollow" parent="ViewportContainer/Viewport/Level/FollowPaths/PlayerPath" index="1"]
transform = Transform3D(0.980414, 0, 0.196083, 0, 0.999798, 0, -0.196083, 0, 0.980414, 0.5, 2.2, -1.3)
progress = 17.0458

[node name="LookTargetPivot" parent="ViewportContainer/Viewport/Level/FollowPaths/PlayerPath/PathFollow" index="1"]
transform = Transform3D(0.998027, 0, -0.0627905, 0, 1, 0, 0.0627905, 0, 0.998027, 0, 0, 0)

[node name="LookTargetTilt" parent="ViewportContainer/Viewport/Level/FollowPaths/PlayerPath/PathFollow/LookTargetPivot" index="0"]
transform = Transform3D(1, 0, 0, 0, 0.999847, -0.0174524, 0, 0.0174524, 0.999847, 0, 0, 0)

[node name="Ground" parent="ViewportContainer/Viewport/Level" index="4"]
transform = Transform3D(1, 0, 0, 0, 1, 0, 0, 0, 1, 0, 0, 0)

[node name="Station" parent="ViewportContainer/Viewport/Level/Ground" index="0"]
visible = false

[node name="PlanetStardust" parent="ViewportContainer/Viewport/Level/Ground" index="1"]
visible = true

[node name="Alien" parent="ViewportContainer/Viewport/Level/Ground/PlanetStardust" index="0"]
transform = Transform3D(-0.949665, -0.120499, 0.288669, -1.86237e-07, 0.922656, 0.385205, -0.312796, 0.365841, -0.876412, 1.06873, 1.85935, -4.6749)

[node name="LamaLost" parent="ViewportContainer/Viewport/Level/Ground/PlanetStardust" index="1"]
transform = Transform3D(-0.829457, 9.3515e-05, -0.558574, -2.6921e-10, 1, 0.000167419, 0.558572, 0.000138867, -0.82946, -4.69336, 1.70155, -10.3192)

[node name="Ufo" parent="ViewportContainer/Viewport/Level/Ground/PlanetStardust" index="2"]
transform = Transform3D(0.951661, -0.0803536, 0.296452, 8.56816e-08, 0.965173, 0.26161, -0.307149, -0.248964, 0.918518, -21.8472, 4.57584, -35.4474)

[node name="Environment" parent="ViewportContainer/Viewport/Level" index="5"]
planet_distance = 0.0
stars_progress = 1.0

[node name="Ground" parent="ViewportContainer/Viewport/Level/Environment" index="1"]
transform = Transform3D(1, 0, 0, 0, 1, 0, 0, 0, 1, 0, 0, 0)

[node name="PlanetPivot" parent="ViewportContainer/Viewport/Level/Environment" index="2"]
transform = Transform3D(1, 0, 0, 0, -4.37114e-08, 1, 0, -1, -4.37114e-08, 0, 0, 0)

[node name="Planet" parent="ViewportContainer/Viewport/Level/Environment/PlanetPivot" index="0"]
transform = Transform3D(-5.74803, 0.150517, 6.57933e-09, 0, -2.5134e-07, 5.75, 0.150517, 5.74803, 2.51254e-07, 0, 0, -22.9053)
surface_material_override/0 = SubResource("ShaderMaterial_wvfgv")

[node name="WorldLight" parent="ViewportContainer/Viewport/Level/Environment" index="3"]
light_energy = 0.17

[node name="Stars" parent="ViewportContainer/Viewport/Level/Environment" index="4"]
transform = Transform3D(0.84932, 0.526604, -0.0366463, -0.526957, 0.849893, 0, 0.0311453, 0.019311, 0.999329, 0, 96, 128)

[node name="PlayerCamera" parent="ViewportContainer/Viewport/Level" index="6"]
transform = Transform3D(0.990933, 0.00230348, 0.134333, 3.72529e-09, 0.999853, -0.017145, -0.134353, 0.0169896, 0.990788, 0.501692, 2.20045, -1.29044)

[node name="ScreenOverlay" parent="." instance=ExtResource("4_p5m14")]

[editable path="ViewportContainer/Viewport/Level"]
[editable path="ViewportContainer/Viewport/Level/FollowPaths/CharacterPath"]
[editable path="ViewportContainer/Viewport/Level/FollowPaths/AlienPath"]
[editable path="ViewportContainer/Viewport/Level/FollowPaths/LamaPath"]
[editable path="ViewportContainer/Viewport/Level/FollowPaths/UfoPath"]
[editable path="ViewportContainer/Viewport/Level/FollowPaths/PlayerPath"]
[editable path="ViewportContainer/Viewport/Level/Ground/Station/Computers/Computer3"]
[editable path="ViewportContainer/Viewport/Level/Environment"]
