[gd_scene load_steps=9 format=3 uid="uid://bw70w15xhifwc"]

[ext_resource type="Shader" path="res://shaders/toon.gdshader" id="3_v1x1n"]
[ext_resource type="PackedScene" uid="uid://uk3s0fjb5pmh" path="res://level/level.tscn" id="4_7ey7j"]
[ext_resource type="PackedScene" uid="uid://n088b8ab4tef" path="res://ui/screen_overlay.tscn" id="4_p5m14"]

[sub_resource type="AnimationNodeStateMachinePlayback" id="AnimationNodeStateMachinePlayback_wyxcb"]

[sub_resource type="Gradient" id="Gradient_md7p6"]
offsets = PackedFloat32Array(0.251121, 0.345291, 0.484305, 0.618834, 0.757848)
colors = PackedColorArray(0.264853, 0.115738, 0.374003, 1, 0.398074, 0.405165, 0.773843, 1, 0.327519, 0.424305, 0.763903, 1, 0.331718, 0.624834, 0.866443, 1, 0.333333, 0.701961, 0.905882, 1)

[sub_resource type="FastNoiseLite" id="FastNoiseLite_kuh6x"]
noise_type = 3
fractal_octaves = 4
fractal_lacunarity = 1.98
domain_warp_enabled = true
domain_warp_type = 1
domain_warp_amplitude = 2.239
domain_warp_frequency = 0.333
domain_warp_fractal_octaves = 2
domain_warp_fractal_lacunarity = 2.0

[sub_resource type="NoiseTexture2D" id="NoiseTexture2D_e8406"]
width = 1024
height = 1024
seamless = true
seamless_blend_skirt = 0.13
color_ramp = SubResource("Gradient_md7p6")
noise = SubResource("FastNoiseLite_kuh6x")

[sub_resource type="ShaderMaterial" id="ShaderMaterial_s2ui6"]
resource_local_to_scene = true
render_priority = 0
shader = ExtResource("3_v1x1n")
shader_parameter/albedo = Color(1, 1, 1, 1)
shader_parameter/specular = 0.5
shader_parameter/specular_amount = 0.5
shader_parameter/specular_smoothness = 0.05
shader_parameter/wrap = 0.227
shader_parameter/rim = 0.406
shader_parameter/rim_amount = 0.567
shader_parameter/rim_smoothness = 0.359
shader_parameter/metallic = 0.122
shader_parameter/roughness = 1.0
shader_parameter/emission = Color(0, 0, 0, 1)
shader_parameter/emission_energy = 0.0
shader_parameter/albedo_texture = SubResource("NoiseTexture2D_e8406")
shader_parameter/emission_texture = SubResource("NoiseTexture2D_e8406")

[node name="GameWindow" type="Window"]
initial_position = 1
title = "Adventure"
size = Vector2i(1280, 720)
extend_to_title = true
content_scale_size = Vector2i(1280, 720)
content_scale_aspect = 4

[node name="ViewportContainer" type="SubViewportContainer" parent="."]
texture_filter = 6
texture_repeat = 1
anchors_preset = 15
anchor_right = 1.0
anchor_bottom = 1.0
grow_horizontal = 2
grow_vertical = 2
stretch = true

[node name="Viewport" type="SubViewport" parent="ViewportContainer"]
unique_name_in_owner = true
handle_input_locally = false
screen_space_aa = 1
size = Vector2i(1280, 720)
render_target_update_mode = 4

[node name="Level" parent="ViewportContainer/Viewport" instance=ExtResource("4_7ey7j")]

[node name="StateTree" parent="ViewportContainer/Viewport/Level" index="0"]
parameters/playback = SubResource("AnimationNodeStateMachinePlayback_wyxcb")

[node name="Character" parent="ViewportContainer/Viewport/Level" index="2"]
transform = Transform3D(-0.907592, 9.80909e-45, -0.419853, 7.00649e-45, 1, 9.80909e-45, 0.419853, 7.00649e-45, -0.907592, -8.64949, 1, -3.00454)

[node name="Spaceship" parent="ViewportContainer/Viewport/Level" index="3"]
transform = Transform3D(1, 0, 0, 0, 1, 0, 0, 0, 1, 0, 0, 0)
door_open = false
siren_active = true

[node name="CharacterPath" parent="ViewportContainer/Viewport/Level/FollowPaths" index="0"]
visible = true
progress_ratio = 0.2

[node name="RemoteTransform" parent="ViewportContainer/Viewport/Level/FollowPaths/CharacterPath" index="0"]
transform = Transform3D(-0.907592, 9.80909e-45, -0.419853, 7.00649e-45, 1, 9.80909e-45, 0.419853, 7.00649e-45, -0.907592, -8.64949, 1, -3.00454)

[node name="PathFollow" parent="ViewportContainer/Viewport/Level/FollowPaths/CharacterPath" index="1"]
transform = Transform3D(0.907634, 0, 0.419402, 0, 0.999798, 0, -0.419402, 0, 0.907634, -8.64577, 1, -2.99853)
progress = 3.13527

[node name="RemoteTransform" parent="ViewportContainer/Viewport/Level/FollowPaths/AlienPath" index="0"]
transform = Transform3D(-0.952962, -4.97069e-05, 0.303089, -1.27329e-11, 1, 0.000164001, -0.303089, 0.000156287, -0.952962, 0.779878, 1.01777, -4.00766)

[node name="PathFollow" parent="ViewportContainer/Viewport/Level/FollowPaths/AlienPath" index="1"]
transform = Transform3D(0.952779, 0, -0.303156, 0, 0.999828, 0, 0.303156, 0, 0.952779, 0.777695, 1.01744, -4.00001)

[node name="RemoteTransform" parent="ViewportContainer/Viewport/Level/FollowPaths/LamaPath" index="0"]
transform = Transform3D(-0.513738, -1.89404e-05, -0.857947, 9.09494e-13, 1, -2.20764e-05, 0.857947, -1.13415e-05, -0.513738, -8.16011, 1.24787, -8.26702)

[node name="PathFollow" parent="ViewportContainer/Viewport/Level/FollowPaths/LamaPath" index="1"]
transform = Transform3D(0.513582, 0, 0.857867, 0, 0.999818, 0, -0.857867, 0, 0.513582, -8.16635, 1.24791, -8.27054)

[node name="RemoteTransform" parent="ViewportContainer/Viewport/Level/FollowPaths/UfoPath" index="0"]
transform = Transform3D(0.00305241, 0.0566483, 0.998387, -4.47034e-08, 0.998393, -0.0566485, -0.999994, 0.000172868, 0.00304752, -19.3967, 0.800617, -41.1939)

[node name="PathFollow" parent="ViewportContainer/Viewport/Level/FollowPaths/UfoPath" index="1"]
transform = Transform3D(-4.37052e-08, 0.057041, -0.998242, 0, 0.998218, 0.0570424, 0.999859, 2.49334e-09, -4.36346e-08, -19.4, 0.8, -41.2)

[node name="PlayerPath" parent="ViewportContainer/Viewport/Level/FollowPaths" index="4"]
visible = true
tilt = 0.25

[node name="RemoteTransform" parent="ViewportContainer/Viewport/Level/FollowPaths/PlayerPath" index="0"]
transform = Transform3D(0.706918, -0.0621941, -0.704554, 1.49011e-08, 0.996127, -0.0879322, 0.707294, 0.062161, 0.70418, -14.5941, 2.59921, -1.20664)
remote_path = NodePath("../../../../PlayerCamera")

[node name="PathFollow" parent="ViewportContainer/Viewport/Level/FollowPaths/PlayerPath" index="1"]
transform = Transform3D(-0.706994, 0, 0.706995, 0, 0.999798, 0, -0.706995, 0, -0.706994, -14.6, 2.6, -1.2)

[node name="LookTargetTilt" parent="ViewportContainer/Viewport/Level/FollowPaths/PlayerPath/PathFollow/LookTargetPivot" index="0"]
transform = Transform3D(1, 0, 0, 0, 0.996195, 0.0871558, 0, -0.0871558, 0.996195, 0, 0, 0)

[node name="Ufo" parent="ViewportContainer/Viewport/Level/Ground/PlanetStardust" index="0"]
transform = Transform3D(-0.950352, 0.0061164, -0.311121, -1.62982e-09, 0.999806, 0.0196555, 0.311181, 0.0186796, -0.950169, -2.4046, 4.00071, -9.40878)

[node name="ufo" parent="ViewportContainer/Viewport/Level/Ground/PlanetStardust/Ufo" index="4"]
transform = Transform3D(0.986388, 0.115874, 0.116671, -0.116671, 0.993171, 0, -0.115874, -0.013612, 0.99317, 0, 0, 0)

[node name="beam" parent="ViewportContainer/Viewport/Level/Ground/PlanetStardust/Ufo/ufo" index="13"]
transform = Transform3D(0.965517, 0.220763, 0.137999, -0.16025, 0.0861965, 0.983307, 0.205184, -0.971508, 0.118602, 0.000682354, -0.626737, -0.0654154)

[node name="Alien" parent="ViewportContainer/Viewport/Level/Ground/PlanetStardust" index="1"]
transform = Transform3D(-0.95293, -4.96923e-05, 0.30303, -1.27325e-11, 0.999705, 0.000163969, -0.303079, 0.000156241, -0.952776, 0.779878, 1.01777, -4.00766)

[node name="Lama" parent="ViewportContainer/Viewport/Level/Ground/PlanetStardust" index="2"]
transform = Transform3D(-0.513738, -1.89404e-05, -0.857947, 9.09494e-13, 1, -2.20764e-05, 0.857947, -1.13415e-05, -0.513738, -8.16011, 1.24787, -8.26702)

[node name="Planet" parent="ViewportContainer/Viewport/Level" index="6"]
transform = Transform3D(-0.249969, 0, -0.00392246, 0, 0.25, 0, 0.00392246, 0, -0.249969, 3.72275, 28.7924, -54.9282)
surface_material_override/0 = SubResource("ShaderMaterial_s2ui6")

[node name="PlayerCamera" type="Camera3D" parent="ViewportContainer/Viewport"]
unique_name_in_owner = true
transform = Transform3D(0.706918, -0.0621941, -0.704554, 1.49011e-08, 0.996127, -0.0879322, 0.707294, 0.062161, 0.70418, -14.5941, 2.59921, -1.20664)
fov = 65.0

[node name="ScreenOverlay" parent="." instance=ExtResource("4_p5m14")]

[editable path="ViewportContainer/Viewport/Level"]
[editable path="ViewportContainer/Viewport/Level/FollowPaths/CharacterPath"]
[editable path="ViewportContainer/Viewport/Level/FollowPaths/AlienPath"]
[editable path="ViewportContainer/Viewport/Level/FollowPaths/LamaPath"]
[editable path="ViewportContainer/Viewport/Level/FollowPaths/UfoPath"]
[editable path="ViewportContainer/Viewport/Level/FollowPaths/PlayerPath"]
[editable path="ViewportContainer/Viewport/Level/Ground/Station/Computers/Computer_01"]
[editable path="ViewportContainer/Viewport/Level/Ground/Station/Computers/Computer_01/starmap"]
[editable path="ViewportContainer/Viewport/Level/Ground/Station/Computers/Computer_03"]
[editable path="ViewportContainer/Viewport/Level/Ground/Station/Computers/Computer_03/starmap"]
[editable path="ViewportContainer/Viewport/Level/Ground/Station/Computers/Computer_04"]
[editable path="ViewportContainer/Viewport/Level/Ground/Station/Computers/Computer_04/starmap"]
[editable path="ViewportContainer/Viewport/Level/Ground/Station/Computers/Computer_05"]
[editable path="ViewportContainer/Viewport/Level/Ground/Station/Computers/Computer_05/starmap"]
[editable path="ViewportContainer/Viewport/Level/Ground/PlanetStardust/Ufo"]
[editable path="ViewportContainer/Viewport/Level/Environment"]
