[gd_scene load_steps=5 format=3 uid="uid://bw70w15xhifwc"]

[ext_resource type="Script" path="res://ui/game_window.gd" id="1_ky7hr"]
[ext_resource type="PackedScene" uid="uid://dahkxa81prn10" path="res://level/level.tscn" id="4_7ey7j"]
[ext_resource type="PackedScene" uid="uid://bi2ttsoa7h87g" path="res://components/remote_follow_path.tscn" id="4_qyilq"]
[ext_resource type="Curve3D" uid="uid://bnnm33024rtvp" path="res://characters/player/player_position_path.tres" id="5_uw7ls"]

[node name="GameWindow" type="Window"]
initial_position = 1
title = "Adventure"
size = Vector2i(1280, 720)
extend_to_title = true
content_scale_size = Vector2i(1280, 720)
content_scale_aspect = 4
script = ExtResource("1_ky7hr")

[node name="ViewportContainer" type="SubViewportContainer" parent="."]
anchors_preset = 15
anchor_right = 1.0
anchor_bottom = 1.0
grow_horizontal = 2
grow_vertical = 2
stretch = true

[node name="Viewport" type="SubViewport" parent="ViewportContainer"]
unique_name_in_owner = true
handle_input_locally = false
use_taa = true
size = Vector2i(1280, 720)
render_target_update_mode = 4

[node name="Level" parent="ViewportContainer/Viewport" instance=ExtResource("4_7ey7j")]

[node name="PlayerFollowPath" parent="ViewportContainer/Viewport" instance=ExtResource("4_qyilq")]
unique_name_in_owner = true
curve = ExtResource("5_uw7ls")
progress = 26.5
progress_ratio = 0.435
view_marker_height = 0.6
follow_speed = 4.0
turn_speed = 4.0

[node name="RemoteTransform" parent="ViewportContainer/Viewport/PlayerFollowPath" index="0"]
transform = Transform3D(0.68055, -0.000235707, -0.732702, -2.18279e-11, 1, -0.000321696, 0.732702, 0.00021893, 0.68055, -8.27093, 2.34423, 1.22011)
remote_path = NodePath("../../PlayerCamera")
use_global_coordinates = true

[node name="LookTargetMarker" parent="ViewportContainer/Viewport/PlayerFollowPath/RemoteTransform/Marker3D" index="0"]
transform = Transform3D(0.999848, 0, 0, 0, 0.999799, 0, 0, 0, 0.999848, 0, 0.6, -1)

[node name="PathFollow" parent="ViewportContainer/Viewport/PlayerFollowPath" index="1"]
transform = Transform3D(-0.680445, 0, 0.732592, 0, 0.999798, 0, -0.732592, 0, -0.680445, -8.26446, 2.34455, 1.2141)
progress = 8.72423

[node name="PlayerCamera" type="Camera3D" parent="ViewportContainer/Viewport"]
transform = Transform3D(0.68055, -0.000235707, -0.732702, -2.18279e-11, 1, -0.000321696, 0.732702, 0.00021893, 0.68055, -8.27093, 2.34423, 1.22011)

[editable path="ViewportContainer/Viewport/PlayerFollowPath"]
