[gd_scene load_steps=9 format=3 uid="uid://bw70w15xhifwc"]

[ext_resource type="Shader" path="res://level/environment/materials/planet_material.gdshader" id="2_pc5si"]
[ext_resource type="PackedScene" uid="uid://uk3s0fjb5pmh" path="res://level/level.tscn" id="4_7ey7j"]
[ext_resource type="PackedScene" uid="uid://n088b8ab4tef" path="res://ui/screen_overlay.tscn" id="4_p5m14"]

[sub_resource type="FastNoiseLite" id="FastNoiseLite_kuh6x"]
noise_type = 3
frequency = 0.0055
fractal_octaves = 9
fractal_lacunarity = 2.592
fractal_gain = 0.338
fractal_weighted_strength = 1.0
domain_warp_enabled = true
domain_warp_type = 1
domain_warp_amplitude = 51.022
domain_warp_frequency = -0.008
domain_warp_fractal_lacunarity = 2.973

[sub_resource type="NoiseTexture2D" id="NoiseTexture2D_e8406"]
width = 1024
height = 1024
in_3d_space = true
seamless = true
seamless_blend_skirt = 0.582
noise = SubResource("FastNoiseLite_kuh6x")

[sub_resource type="Gradient" id="Gradient_md7p6"]
interpolation_mode = 2
offsets = PackedFloat32Array(0, 0.138173, 0.163934, 0.384075, 0.428571, 0.545667, 0.59719, 0.857143, 1)
colors = PackedColorArray(0.995917, 0.639579, 0.67719, 1, 0.998306, 0.62802, 0.63754, 1, 1.01695, 0.529085, 0.302927, 1, 1, 0.514859, 0.306439, 1, 0.787355, 0.430083, 0.620272, 1, 0.726091, 0.405851, 0.711271, 1, 0.553544, 0.337229, 0.968107, 1, 0.531121, 0.323095, 0.999986, 1, 0.483972, 0.136825, 0.999964, 1)

[sub_resource type="GradientTexture1D" id="GradientTexture1D_astb8"]
gradient = SubResource("Gradient_md7p6")

[sub_resource type="ShaderMaterial" id="ShaderMaterial_wssat"]
resource_local_to_scene = true
render_priority = 0
shader = ExtResource("2_pc5si")
shader_parameter/specular = 0.5
shader_parameter/specular_amount = 0.5
shader_parameter/specular_smoothness = 0.05
shader_parameter/wrap = 0.171
shader_parameter/rim = 0.727
shader_parameter/rim_amount = 0.651
shader_parameter/rim_smoothness = 1.0
shader_parameter/metallic = 0.0
shader_parameter/roughness = 0.608
shader_parameter/emission_energy = 0.27
shader_parameter/albedo_texture = SubResource("NoiseTexture2D_e8406")
shader_parameter/color_gradient = SubResource("GradientTexture1D_astb8")

[node name="GameWindow" type="Window"]
title = "Adventure"
position = Vector2i(1, 36)
size = Vector2i(1280, 720)
extend_to_title = true
content_scale_size = Vector2i(1280, 720)
content_scale_aspect = 1

[node name="ViewportContainer" type="SubViewportContainer" parent="."]
texture_filter = 6
texture_repeat = 1
anchors_preset = 15
anchor_right = 1.0
anchor_bottom = 1.0
grow_horizontal = 2
grow_vertical = 2
stretch = true

[node name="Viewport" type="SubViewport" parent="ViewportContainer"]
unique_name_in_owner = true
handle_input_locally = false
audio_listener_enable_3d = true
size = Vector2i(1280, 720)
render_target_update_mode = 4

[node name="Level" parent="ViewportContainer/Viewport" instance=ExtResource("4_7ey7j")]

[node name="Character" parent="ViewportContainer/Viewport/Level" index="1"]
transform = Transform3D(-0.0489237, -0.138908, 0.989096, -2.98023e-08, 0.990282, 0.139074, -0.998802, 0.00680399, -0.0484482, -8.38827, 1.1, -2.52739)

[node name="character" parent="ViewportContainer/Viewport/Level/Character" index="1"]
transform = Transform3D(0.999844, 0, -0.0176763, 0, 1, 0, 0.0176763, 0, 0.999844, 0, 1.03125, 0.015625)

[node name="helmet" parent="ViewportContainer/Viewport/Level/Character/character" index="1"]
transform = Transform3D(1, -1.22465e-16, 0, 1.22465e-16, 0.999999, -7.4988e-33, 0, 7.49879e-33, 1, 0, 0.359375, -0.03125)

[node name="face" parent="ViewportContainer/Viewport/Level/Character/character/helmet" index="2"]
transform = Transform3D(0.999999, 9.31321e-10, 7.45058e-09, -9.31321e-10, 0.999999, -8.0214e-09, -7.45057e-09, 8.02139e-09, 1, 0, 0.21875, 0.03125)

[node name="arm_left" parent="ViewportContainer/Viewport/Level/Character/character" index="2"]
transform = Transform3D(0.909039, 0.37948, 0.172169, -0.412924, 0.87587, 0.24969, -0.0560453, -0.298071, 0.952897, -0.21875, 0.28125, -0.015625)

[node name="forearm_left" parent="ViewportContainer/Viewport/Level/Character/character/arm_left" index="0"]
transform = Transform3D(1, 8.51013e-08, 1.94971e-08, -7.26432e-08, 0.934913, -0.354878, -4.84287e-08, 0.354878, 0.934912, 0, -0.28125, 8.9407e-08)

[node name="arm_right" parent="ViewportContainer/Viewport/Level/Character/character" index="3"]
transform = Transform3D(0.911925, -0.398124, -0.099445, 0.379111, 0.910128, -0.167158, 0.157057, 0.114735, 0.980902, 0.1875, 0.28125, -0.015625)

[node name="forarm_right" parent="ViewportContainer/Viewport/Level/Character/character/arm_right" index="0"]
transform = Transform3D(0.991862, 0.126551, -0.0139779, -0.127275, 0.988446, -0.0823156, 0.00339935, 0.0834247, 0.996509, 0, -0.28125, -2.98023e-08)

[node name="hand_right" parent="ViewportContainer/Viewport/Level/Character/character/arm_right/forarm_right" index="0"]
transform = Transform3D(1, 0, 0, 0, 1, 0, 0, 0, 1, 5.96046e-08, -0.234375, 0)

[node name="CharacterPath" parent="ViewportContainer/Viewport/Level/FollowPaths" index="0"]
progress_ratio = 0.32
pivot = 0.54
tilt = 0.4

[node name="RemoteTransform" parent="ViewportContainer/Viewport/Level/FollowPaths/CharacterPath" index="0"]
transform = Transform3D(-0.0489237, -0.138908, 0.989096, -2.98023e-08, 0.990282, 0.139074, -0.998802, 0.00680399, -0.0484482, -8.38827, 1.1, -2.52739)

[node name="PathFollow" parent="ViewportContainer/Viewport/Level/FollowPaths/CharacterPath" index="1"]
transform = Transform3D(-0.983791, 0, -0.178562, 0, 0.999798, 0, 0.178562, 0, -0.983791, -8.39007, 1.1, -2.5371)
progress = 5.50741

[node name="LookTargetPivot" parent="ViewportContainer/Viewport/Level/FollowPaths/CharacterPath/PathFollow" index="1"]
transform = Transform3D(-0.125333, 0, -0.992115, 0, 1, 0, 0.992115, 0, -0.125333, 0, 0, 0)

[node name="LookTargetTilt" parent="ViewportContainer/Viewport/Level/FollowPaths/CharacterPath/PathFollow/LookTargetPivot" index="0"]
transform = Transform3D(1, 0, 0, 0, 0.990268, 0.139173, 0, -0.139173, 0.990268, 0, 0, 0)

[node name="AlienPath" parent="ViewportContainer/Viewport/Level/FollowPaths" index="1"]
pivot = 0.0

[node name="RemoteTransform" parent="ViewportContainer/Viewport/Level/FollowPaths/AlienPath" index="0"]
transform = Transform3D(-0.989891, -0.0368379, 0.13696, 1.86264e-09, 0.965679, 0.259737, -0.141827, 0.257112, -0.955917, 0.928705, 1.74729, -4.22049)

[node name="PathFollow" parent="ViewportContainer/Viewport/Level/FollowPaths/AlienPath" index="1"]
transform = Transform3D(-0.989811, -0.019803, 0.140009, 0, 0.989977, 0.14003, -0.141404, 0.138619, -0.980048, 0.926658, 1.74475, -4.21176)

[node name="LookTargetPivot" parent="ViewportContainer/Viewport/Level/FollowPaths/AlienPath/PathFollow" index="1"]
transform = Transform3D(1, 0, 0, 0, 1, 0, 0, 0, 1, 0, 0, 0)

[node name="RemoteTransform" parent="ViewportContainer/Viewport/Level/FollowPaths/LamaPath" index="0"]
transform = Transform3D(-0.829456, 9.35151e-05, -0.558572, -3.27418e-11, 1, 0.000167418, 0.558571, 0.000138866, -0.829457, -4.69336, 1.70155, -10.3192)

[node name="UfoPath" parent="ViewportContainer/Viewport/Level/FollowPaths" index="3"]
progress_ratio = 0.90005

[node name="RemoteTransform" parent="ViewportContainer/Viewport/Level/FollowPaths/UfoPath" index="0"]
transform = Transform3D(0.807064, 0.0301125, 0.589696, 3.72529e-09, 0.998699, -0.0509981, -0.590464, 0.0411587, 0.806014, -3.33096, 4.53783, -8.87731)

[node name="PathFollow" parent="ViewportContainer/Viewport/Level/FollowPaths/UfoPath" index="1"]
transform = Transform3D(-0.805833, -0.0521618, -0.589623, -0.101611, 0.993346, 0.050985, 0.58314, 0.101006, -0.805907, -3.32871, 4.53764, -8.87425)
progress = 41.0573

[node name="PlayerPath" parent="ViewportContainer/Viewport/Level/FollowPaths" index="4"]
progress_ratio = 1.0

[node name="RemoteTransform" parent="ViewportContainer/Viewport/Level/FollowPaths/PlayerPath" index="0"]
transform = Transform3D(0.981535, 0.00329225, 0.191256, 4.65661e-10, 0.999852, -0.0172112, -0.191285, 0.0168934, 0.981389, 0.490214, 2.20049, -1.29874)

[node name="PathFollow" parent="ViewportContainer/Viewport/Level/FollowPaths/PlayerPath" index="1"]
transform = Transform3D(0.980432, 0, 0.196087, 0, 0.999798, 0, -0.196087, 0, 0.980432, 0.5, 2.2, -1.3)
progress = 17.0458

[node name="LookTargetTilt" parent="ViewportContainer/Viewport/Level/FollowPaths/PlayerPath/PathFollow/LookTargetPivot" index="0"]
transform = Transform3D(1, 0, 0, 0, 0.999847, -0.0174524, 0, 0.0174524, 0.999847, 0, 0, 0)

[node name="Alien" parent="ViewportContainer/Viewport/Level/Ground/PlanetStardust" index="0"]
transform = Transform3D(-0.989737, -0.0368315, 0.136939, 1.86235e-09, 0.965512, 0.259697, -0.141805, 0.257068, -0.95577, 0.928705, 1.74729, -4.22049)

[node name="LamaLost" parent="ViewportContainer/Viewport/Level/Ground/PlanetStardust" index="1"]
transform = Transform3D(-0.829456, 9.35151e-05, -0.558572, -3.27418e-11, 1, 0.000167418, 0.558571, 0.000138866, -0.829457, -4.69336, 1.70155, -10.3192)

[node name="Ufo" parent="ViewportContainer/Viewport/Level/Ground/PlanetStardust" index="2"]
transform = Transform3D(0.807064, 0.0301125, 0.589696, 3.72529e-09, 0.998699, -0.0509981, -0.590464, 0.0411587, 0.806014, -3.33096, 4.53783, -8.87731)

[node name="Planet" parent="ViewportContainer/Viewport/Level/Environment/PlanetPivot" index="0"]
surface_material_override/0 = SubResource("ShaderMaterial_wssat")

[node name="PlayerCamera" parent="ViewportContainer/Viewport/Level" index="6"]
transform = Transform3D(0.981535, 0.00329225, 0.191256, 4.65661e-10, 0.999852, -0.0172112, -0.191285, 0.0168934, 0.981389, 0.490214, 2.20049, -1.29874)

[node name="ScreenOverlay" parent="." instance=ExtResource("4_p5m14")]

[editable path="ViewportContainer/Viewport/Level"]
[editable path="ViewportContainer/Viewport/Level/Character"]
[editable path="ViewportContainer/Viewport/Level/FollowPaths/CharacterPath"]
[editable path="ViewportContainer/Viewport/Level/FollowPaths/AlienPath"]
[editable path="ViewportContainer/Viewport/Level/FollowPaths/LamaPath"]
[editable path="ViewportContainer/Viewport/Level/FollowPaths/UfoPath"]
[editable path="ViewportContainer/Viewport/Level/FollowPaths/PlayerPath"]
[editable path="ViewportContainer/Viewport/Level/Ground/Station/Computers/Computer3"]
[editable path="ViewportContainer/Viewport/Level/Environment"]
