[gd_scene load_steps=16 format=3 uid="uid://bw70w15xhifwc"]

[ext_resource type="AnimationLibrary" uid="uid://cjkhuv5cn32yu" path="res://level/environment/environment_animations.tres" id="2_h3mna"]
[ext_resource type="Shader" path="res://shaders/toon.gdshader" id="3_5g72k"]
[ext_resource type="AnimationLibrary" uid="uid://cadi70pdgm61" path="res://level/spaceship/animation/spaceship_animations.tres" id="3_wwx6r"]
[ext_resource type="PackedScene" uid="uid://dahkxa81prn10" path="res://level/level.tscn" id="4_7ey7j"]
[ext_resource type="PackedScene" uid="uid://dftilry51e2f6" path="res://characters/character/character_path.tscn" id="6_3ngje"]
[ext_resource type="PackedScene" uid="uid://cq3x5n33r2d8c" path="res://characters/character/character.tscn" id="6_8i88j"]
[ext_resource type="PackedScene" uid="uid://ciaubij6uaqb8" path="res://characters/player/player.tscn" id="7_mwy2h"]

[sub_resource type="AnimationNodeStateMachinePlayback" id="AnimationNodeStateMachinePlayback_8wvt6"]

[sub_resource type="Animation" id="Animation_k5ml7"]
length = 0.001
tracks/0/type = "value"
tracks/0/imported = false
tracks/0/enabled = true
tracks/0/path = NodePath("Environment:sky_color")
tracks/0/interp = 1
tracks/0/loop_wrap = true
tracks/0/keys = {
"times": PackedFloat32Array(0),
"transitions": PackedFloat32Array(1),
"update": 0,
"values": [Color(0.164706, 0.172549, 0.301961, 1)]
}
tracks/1/type = "value"
tracks/1/imported = false
tracks/1/enabled = true
tracks/1/path = NodePath("Environment:horizon_height")
tracks/1/interp = 1
tracks/1/loop_wrap = true
tracks/1/keys = {
"times": PackedFloat32Array(0),
"transitions": PackedFloat32Array(1),
"update": 0,
"values": [0.038]
}
tracks/2/type = "value"
tracks/2/imported = false
tracks/2/enabled = true
tracks/2/path = NodePath("Environment:ground_color")
tracks/2/interp = 1
tracks/2/loop_wrap = true
tracks/2/keys = {
"times": PackedFloat32Array(0),
"transitions": PackedFloat32Array(1),
"update": 0,
"values": [Color(0.623529, 0.721569, 0.596078, 1)]
}
tracks/3/type = "value"
tracks/3/imported = false
tracks/3/enabled = true
tracks/3/path = NodePath("Environment:fog_color")
tracks/3/interp = 1
tracks/3/loop_wrap = true
tracks/3/keys = {
"times": PackedFloat32Array(0),
"transitions": PackedFloat32Array(1),
"update": 0,
"values": [Color(0.466667, 0.584314, 0.796078, 1)]
}
tracks/4/type = "value"
tracks/4/imported = false
tracks/4/enabled = true
tracks/4/path = NodePath("Environment:horizon_color")
tracks/4/interp = 1
tracks/4/loop_wrap = true
tracks/4/keys = {
"times": PackedFloat32Array(0),
"transitions": PackedFloat32Array(1),
"update": 0,
"values": [Color(0.894118, 0.654902, 0.741176, 1)]
}
tracks/5/type = "value"
tracks/5/imported = false
tracks/5/enabled = true
tracks/5/path = NodePath("Spaceship/Accent:light_energy")
tracks/5/interp = 1
tracks/5/loop_wrap = true
tracks/5/keys = {
"times": PackedFloat32Array(0),
"transitions": PackedFloat32Array(1),
"update": 0,
"values": [0.044]
}
tracks/6/type = "value"
tracks/6/imported = false
tracks/6/enabled = true
tracks/6/path = NodePath("Planet:visible")
tracks/6/interp = 1
tracks/6/loop_wrap = true
tracks/6/keys = {
"times": PackedFloat32Array(0),
"transitions": PackedFloat32Array(1),
"update": 0,
"values": [true]
}
tracks/7/type = "value"
tracks/7/imported = false
tracks/7/enabled = true
tracks/7/path = NodePath("Planet:position")
tracks/7/interp = 1
tracks/7/loop_wrap = true
tracks/7/keys = {
"times": PackedFloat32Array(0),
"transitions": PackedFloat32Array(1),
"update": 0,
"values": [Vector3(3.72275, 28.7924, -54.9282)]
}
tracks/8/type = "value"
tracks/8/imported = false
tracks/8/enabled = true
tracks/8/path = NodePath("WorldLight:light_energy")
tracks/8/interp = 1
tracks/8/loop_wrap = true
tracks/8/keys = {
"times": PackedFloat32Array(0),
"transitions": PackedFloat32Array(1),
"update": 0,
"values": [0.2]
}
tracks/9/type = "value"
tracks/9/imported = false
tracks/9/enabled = true
tracks/9/path = NodePath("WorldLight:light_color")
tracks/9/interp = 1
tracks/9/loop_wrap = true
tracks/9/keys = {
"times": PackedFloat32Array(0),
"transitions": PackedFloat32Array(1),
"update": 0,
"values": [Color(1, 1, 1, 1)]
}
tracks/10/type = "value"
tracks/10/imported = false
tracks/10/enabled = true
tracks/10/path = NodePath("Environment/Sky:surface_material_override/0:shader_parameter/stars_scale")
tracks/10/interp = 1
tracks/10/loop_wrap = true
tracks/10/keys = {
"times": PackedFloat32Array(0),
"transitions": PackedFloat32Array(1),
"update": 0,
"values": [2.992]
}
tracks/11/type = "value"
tracks/11/imported = false
tracks/11/enabled = true
tracks/11/path = NodePath("Stars/Positions/StarTransform1:position")
tracks/11/interp = 1
tracks/11/loop_wrap = true
tracks/11/keys = {
"times": PackedFloat32Array(0),
"transitions": PackedFloat32Array(1),
"update": 0,
"values": [Vector3(-5, 0, -2)]
}
tracks/12/type = "value"
tracks/12/imported = false
tracks/12/enabled = true
tracks/12/path = NodePath("Stars/Positions/StarTransform2:position")
tracks/12/interp = 1
tracks/12/loop_wrap = true
tracks/12/keys = {
"times": PackedFloat32Array(0),
"transitions": PackedFloat32Array(1),
"update": 0,
"values": [Vector3(-3.45021, 2.48044, -0.999998)]
}
tracks/13/type = "value"
tracks/13/imported = false
tracks/13/enabled = true
tracks/13/path = NodePath("Stars/Positions/StarTransform3:position")
tracks/13/interp = 1
tracks/13/loop_wrap = true
tracks/13/keys = {
"times": PackedFloat32Array(0),
"transitions": PackedFloat32Array(1),
"update": 0,
"values": [Vector3(4.53659e-07, 3.72628, 0)]
}
tracks/14/type = "value"
tracks/14/imported = false
tracks/14/enabled = true
tracks/14/path = NodePath("Stars/Positions/StarTransform4:position")
tracks/14/interp = 1
tracks/14/loop_wrap = true
tracks/14/keys = {
"times": PackedFloat32Array(0),
"transitions": PackedFloat32Array(1),
"update": 0,
"values": [Vector3(4.60207, 2.16581, 0.999999)]
}
tracks/15/type = "value"
tracks/15/imported = false
tracks/15/enabled = true
tracks/15/path = NodePath("Stars/Positions/StarTransform5:position")
tracks/15/interp = 1
tracks/15/loop_wrap = true
tracks/15/keys = {
"times": PackedFloat32Array(0),
"transitions": PackedFloat32Array(1),
"update": 0,
"values": [Vector3(5.11041, -6.55651e-07, 2)]
}
tracks/16/type = "value"
tracks/16/imported = false
tracks/16/enabled = true
tracks/16/path = NodePath("Environment:environment:volumetric_fog_density")
tracks/16/interp = 1
tracks/16/loop_wrap = true
tracks/16/keys = {
"times": PackedFloat32Array(0),
"transitions": PackedFloat32Array(1),
"update": 0,
"values": [0.01]
}
tracks/17/type = "value"
tracks/17/imported = false
tracks/17/enabled = true
tracks/17/path = NodePath("Planet:scale")
tracks/17/interp = 1
tracks/17/loop_wrap = true
tracks/17/keys = {
"times": PackedFloat32Array(0),
"transitions": PackedFloat32Array(1),
"update": 0,
"values": [Vector3(0.25, 0.25, 0.25)]
}
tracks/18/type = "value"
tracks/18/imported = false
tracks/18/enabled = true
tracks/18/path = NodePath("Environment/Ground/planet_stardust:visible")
tracks/18/interp = 1
tracks/18/loop_wrap = true
tracks/18/keys = {
"times": PackedFloat32Array(0),
"transitions": PackedFloat32Array(1),
"update": 1,
"values": [false]
}
tracks/19/type = "value"
tracks/19/imported = false
tracks/19/enabled = true
tracks/19/path = NodePath("Environment/Ground/space_station:visible")
tracks/19/interp = 1
tracks/19/loop_wrap = true
tracks/19/keys = {
"times": PackedFloat32Array(0),
"transitions": PackedFloat32Array(1),
"update": 1,
"values": [true]
}

[sub_resource type="AnimationLibrary" id="AnimationLibrary_oeqp5"]
_data = {
"RESET": SubResource("Animation_k5ml7")
}

[sub_resource type="Gradient" id="Gradient_md7p6"]
offsets = PackedFloat32Array(0.251121, 0.345291, 0.484305, 0.618834, 0.757848)
colors = PackedColorArray(0.264853, 0.115738, 0.374003, 1, 0.398074, 0.405165, 0.773843, 1, 0.327519, 0.424305, 0.763903, 1, 0.331718, 0.624834, 0.866443, 1, 0.333333, 0.701961, 0.905882, 1)

[sub_resource type="FastNoiseLite" id="FastNoiseLite_kuh6x"]
noise_type = 3
fractal_octaves = 4
fractal_lacunarity = 1.98
domain_warp_enabled = true
domain_warp_type = 1
domain_warp_amplitude = 2.239
domain_warp_frequency = 0.333
domain_warp_fractal_octaves = 2
domain_warp_fractal_lacunarity = 2.0

[sub_resource type="NoiseTexture2D" id="NoiseTexture2D_e8406"]
width = 1024
height = 1024
seamless = true
seamless_blend_skirt = 0.13
color_ramp = SubResource("Gradient_md7p6")
noise = SubResource("FastNoiseLite_kuh6x")

[sub_resource type="ShaderMaterial" id="ShaderMaterial_5l5ny"]
resource_local_to_scene = true
render_priority = 0
shader = ExtResource("3_5g72k")
shader_parameter/albedo = Color(1, 1, 1, 1)
shader_parameter/specular = 0.5
shader_parameter/specular_amount = 0.5
shader_parameter/specular_smoothness = 0.05
shader_parameter/wrap = 0.227
shader_parameter/rim = 0.406
shader_parameter/rim_amount = 0.567
shader_parameter/rim_smoothness = 0.359
shader_parameter/metallic = 0.122
shader_parameter/roughness = 1.0
shader_parameter/emission = Color(0, 0, 0, 1)
shader_parameter/emission_energy = 0.0
shader_parameter/albedo_texture = SubResource("NoiseTexture2D_e8406")
shader_parameter/emission_texture = SubResource("NoiseTexture2D_e8406")

[sub_resource type="Curve3D" id="Curve3D_1ax01"]

[node name="GameWindow" type="Window"]
initial_position = 1
title = "Adventure"
size = Vector2i(1280, 720)
extend_to_title = true
content_scale_size = Vector2i(1280, 720)
content_scale_aspect = 4

[node name="ViewportContainer" type="SubViewportContainer" parent="."]
anchors_preset = 15
anchor_right = 1.0
anchor_bottom = 1.0
grow_horizontal = 2
grow_vertical = 2
stretch = true

[node name="Viewport" type="SubViewport" parent="ViewportContainer"]
unique_name_in_owner = true
handle_input_locally = false
size = Vector2i(1280, 720)
render_target_update_mode = 4

[node name="Level" parent="ViewportContainer/Viewport" instance=ExtResource("4_7ey7j")]
state = "stars_light"

[node name="StateTree" parent="ViewportContainer/Viewport/Level" index="0"]
parameters/playback = SubResource("AnimationNodeStateMachinePlayback_8wvt6")

[node name="AnimationPlayer" parent="ViewportContainer/Viewport/Level/StateTree" index="0"]
libraries = {
"": SubResource("AnimationLibrary_oeqp5"),
"environment_animations": ExtResource("2_h3mna"),
"spaceship_animations": ExtResource("3_wwx6r")
}

[node name="Spaceship" parent="ViewportContainer/Viewport/Level" index="1"]
screen_state = "recording"
door_open = true
fuel_level = 8

[node name="Planet" parent="ViewportContainer/Viewport/Level" index="2"]
surface_material_override/0 = SubResource("ShaderMaterial_5l5ny")

[node name="OmniLight3D" type="OmniLight3D" parent="ViewportContainer/Viewport/Level/Planet" index="0"]
omni_range = 24.053
omni_attenuation = 0.366022

[node name="WorldLight" parent="ViewportContainer/Viewport/Level" index="3"]
shadow_bias = 0.117
shadow_normal_bias = 0.443
shadow_opacity = 0.22
shadow_blur = 1.511

[node name="Environment" parent="ViewportContainer/Viewport/Level" index="4"]
stars_brightness = 0.4

[node name="space_station" parent="ViewportContainer/Viewport/Level/Environment/Ground" index="2"]
visible = true

[node name="planet_stardust" parent="ViewportContainer/Viewport/Level/Environment/Ground" index="3"]
visible = false

[node name="Lama" parent="ViewportContainer/Viewport/Level/Environment/Ground/planet_stardust" index="1"]
transform = Transform3D(1, 0, 0, 0, 1, 0, 0, 0, 1, 0, 0, 0)

[node name="Stars" parent="ViewportContainer/Viewport/Level" index="5"]
transform = Transform3D(1, 0, 0, 0, 1, 0, 0, 0, 1, 0, 0, 0)

[node name="PathFollow3D" parent="ViewportContainer/Viewport/Level/Stars/Paths/StarPath3D1" index="0"]
transform = Transform3D(-0.987336, -0.00623479, -0.157849, 0, 0.999125, -0.0394623, 0.157974, -0.0389674, -0.986558, 65, 3.39002e-06, 1)

[node name="PathFollow3D" parent="ViewportContainer/Viewport/Level/Stars/Paths/StarPath3D2" index="0"]
transform = Transform3D(-0.98738, -0.00623501, -0.157859, 0, 0.99916, -0.0394647, 0.157981, -0.0389688, -0.986618, 65, 3.39002e-06, 1)

[node name="PathFollow3D" parent="ViewportContainer/Viewport/Level/Stars/Paths/StarPath3D3" index="0"]
transform = Transform3D(-0.987377, -0.00623509, -0.157857, 0, 0.999174, -0.0394642, 0.15798, -0.0389693, -0.986605, 65, 3.39002e-06, 1)

[node name="PathFollow3D" parent="ViewportContainer/Viewport/Level/Stars/Paths/StarPath3D4" index="0"]
transform = Transform3D(-0.987377, -0.00623511, -0.157857, 0, 0.999176, -0.0394643, 0.15798, -0.0389694, -0.986607, 65, 3.39002e-06, 1)

[node name="PathFollow3D" parent="ViewportContainer/Viewport/Level/Stars/Paths/StarPath3D5" index="0"]
transform = Transform3D(0.0173833, -0.256413, -0.966256, 0.420983, 0.87839, -0.225534, 0.906725, -0.402912, 0.123238, 26.2035, -17.1757, -54.2862)

[node name="Star1" parent="ViewportContainer/Viewport/Level/Stars" index="1"]
transform = Transform3D(0.984665, 0.0935875, 0.146509, 0.0855319, -0.994409, 0.0603515, 0.151354, -0.0469006, -0.987251, -64.7402, -5.7139, 1.4352)

[node name="Star2" parent="ViewportContainer/Viewport/Level/Stars" index="2"]
transform = Transform3D(0.756352, -0.638296, 0.142786, -0.637153, -0.768345, -0.0596604, 0.147797, -0.0458545, -0.987899, -49.7515, 41.8091, 1.66952)

[node name="Star3" parent="ViewportContainer/Viewport/Level/Stars" index="3"]
transform = Transform3D(0, -0.999174, 0.0394642, -0.987377, -0.00623509, -0.157857, 0.15798, -0.0389693, -0.986605, -3.39002e-06, 65, 1)

[node name="Star4" parent="ViewportContainer/Viewport/Level/Stars" index="4"]
transform = Transform3D(-0.808811, -0.578211, -0.106673, -0.566337, 0.8149, -0.122871, 0.15798, -0.0389694, -0.986607, 53.2449, 37.2825, 1)

[node name="Star5" parent="ViewportContainer/Viewport/Level/Stars" index="5"]
transform = Transform3D(0.0902222, -0.0999866, -0.99074, 0.411569, 0.909571, -0.0543188, 0.906725, -0.402912, 0.123238, 22.8229, -21.4649, -54.2862)

[node name="CharacterPath" type="Path3D" parent="ViewportContainer/Viewport/Level"]
curve = SubResource("Curve3D_1ax01")

[node name="Character" parent="ViewportContainer/Viewport" instance=ExtResource("6_8i88j")]
transform = Transform3D(0.999262, 0.0221079, -0.0257111, -0.0221006, 0.999593, 0.000568642, 0.0257174, 4.84101e-09, 0.999506, -5.83119, 0.926156, 0.494834)
action = "talking"

[node name="Player" parent="ViewportContainer/Viewport" instance=ExtResource("7_mwy2h")]
follow_speed = 2.1
turn_speed = 2.981
max_distance = 2.9
view_progress = 0.0

[node name="Camera3D" parent="ViewportContainer/Viewport/Player" index="0"]
transform = Transform3D(0.80375, 0.00815807, -0.594912, 3.72529e-09, 0.999906, 0.0137118, 0.594968, -0.0110208, 0.803674, -10.8949, 2.63937, 4.35122)

[node name="PositionTarget" parent="ViewportContainer/Viewport/Player/PositionPath" index="0"]
transform = Transform3D(-0.126773, 0.0899251, 0.987679, 0, 0.995703, -0.0906579, -0.991775, -0.0114947, -0.12625, -5.51051, 0.735448, 4.31367)

[node name="ViewTarget" parent="ViewportContainer/Viewport/Player/ViewPath" index="0"]
transform = Transform3D(-0.508661, -0.02534, 0.860426, -2.79358e-09, 0.999397, 0.0294342, -0.860804, 0.0149738, -0.508438, -1.26955, 0.661206, 1.74684)
progress = 0.0

[node name="CharacterPath" parent="ViewportContainer/Viewport" instance=ExtResource("6_3ngje")]
progress = 0.12

[node name="PathFollow" parent="ViewportContainer/Viewport/CharacterPath" index="0"]
transform = Transform3D(0.0286971, 0, 0.999424, 0, 0.999837, 0, -0.999424, 0, 0.0286971, -5.85024, 0.796993, 0.494834)
progress = 0.965696
rotation_mode = 1

[node name="RemoteTransform3D" parent="ViewportContainer/Viewport/CharacterPath/PathFollow" index="1"]
transform = Transform3D(0.00298136, -4.65661e-09, -0.999996, -6.98492e-09, 1, -6.51926e-09, 0.999996, 6.51926e-09, 0.00298141, 0, 0, 0)

[editable path="ViewportContainer/Viewport/Level"]
[editable path="ViewportContainer/Viewport/Level/Environment"]
[editable path="ViewportContainer/Viewport/Level/Stars"]
[editable path="ViewportContainer/Viewport/Level/Stars/Star1"]
[editable path="ViewportContainer/Viewport/Level/Stars/Star2"]
[editable path="ViewportContainer/Viewport/Level/Stars/Star3"]
[editable path="ViewportContainer/Viewport/Level/Stars/Star4"]
[editable path="ViewportContainer/Viewport/Level/Stars/Star5"]
[editable path="ViewportContainer/Viewport/Player"]
[editable path="ViewportContainer/Viewport/CharacterPath"]
