[gd_scene load_steps=12 format=3 uid="uid://bw70w15xhifwc"]

[ext_resource type="Shader" path="res://shaders/toon.gdshader" id="3_5g72k"]
[ext_resource type="PackedScene" uid="uid://dahkxa81prn10" path="res://level/level.tscn" id="4_7ey7j"]
[ext_resource type="PackedScene" uid="uid://dftilry51e2f6" path="res://characters/character/character_path.tscn" id="6_3ngje"]
[ext_resource type="PackedScene" uid="uid://cq3x5n33r2d8c" path="res://characters/character/character.tscn" id="6_8i88j"]
[ext_resource type="PackedScene" uid="uid://ciaubij6uaqb8" path="res://characters/player/player.tscn" id="7_mwy2h"]

[sub_resource type="AnimationNodeStateMachinePlayback" id="AnimationNodeStateMachinePlayback_8wvt6"]

[sub_resource type="Gradient" id="Gradient_md7p6"]
offsets = PackedFloat32Array(0.251121, 0.345291, 0.484305, 0.618834, 0.757848)
colors = PackedColorArray(0.264853, 0.115738, 0.374003, 1, 0.398074, 0.405165, 0.773843, 1, 0.327519, 0.424305, 0.763903, 1, 0.331718, 0.624834, 0.866443, 1, 0.333333, 0.701961, 0.905882, 1)

[sub_resource type="FastNoiseLite" id="FastNoiseLite_kuh6x"]
noise_type = 3
fractal_octaves = 4
fractal_lacunarity = 1.98
domain_warp_enabled = true
domain_warp_type = 1
domain_warp_amplitude = 2.239
domain_warp_frequency = 0.333
domain_warp_fractal_octaves = 2
domain_warp_fractal_lacunarity = 2.0

[sub_resource type="NoiseTexture2D" id="NoiseTexture2D_e8406"]
width = 1024
height = 1024
seamless = true
seamless_blend_skirt = 0.13
color_ramp = SubResource("Gradient_md7p6")
noise = SubResource("FastNoiseLite_kuh6x")

[sub_resource type="ShaderMaterial" id="ShaderMaterial_5l5ny"]
resource_local_to_scene = true
render_priority = 0
shader = ExtResource("3_5g72k")
shader_parameter/albedo = Color(1, 1, 1, 1)
shader_parameter/specular = 0.5
shader_parameter/specular_amount = 0.5
shader_parameter/specular_smoothness = 0.05
shader_parameter/wrap = 0.227
shader_parameter/rim = 0.406
shader_parameter/rim_amount = 0.567
shader_parameter/rim_smoothness = 0.359
shader_parameter/metallic = 0.122
shader_parameter/roughness = 1.0
shader_parameter/emission = Color(0, 0, 0, 1)
shader_parameter/emission_energy = 0.0
shader_parameter/albedo_texture = SubResource("NoiseTexture2D_e8406")
shader_parameter/emission_texture = SubResource("NoiseTexture2D_e8406")

[sub_resource type="Curve3D" id="Curve3D_1ax01"]

[node name="GameWindow" type="Window"]
initial_position = 1
title = "Adventure"
size = Vector2i(1280, 720)
content_scale_size = Vector2i(1280, 720)
content_scale_aspect = 4

[node name="ViewportContainer" type="SubViewportContainer" parent="."]
anchors_preset = 15
anchor_right = 1.0
anchor_bottom = 1.0
grow_horizontal = 2
grow_vertical = 2
stretch = true

[node name="Viewport" type="SubViewport" parent="ViewportContainer"]
unique_name_in_owner = true
handle_input_locally = false
size = Vector2i(1280, 720)
render_target_update_mode = 4

[node name="Level" parent="ViewportContainer/Viewport" instance=ExtResource("4_7ey7j")]
state = "warp"

[node name="StateTree" parent="ViewportContainer/Viewport/Level" index="0"]
parameters/playback = SubResource("AnimationNodeStateMachinePlayback_8wvt6")

[node name="Spaceship" parent="ViewportContainer/Viewport/Level" index="1"]
screen_state = "visualizer"
door_open = true
fuel_level = 8

[node name="Planet" parent="ViewportContainer/Viewport/Level" index="2"]
transform = Transform3D(-0.249969, 0, -0.00392246, 0, 0.25, 0, 0.00392246, 0, -0.249969, 3.72275, 28.7924, -54.9282)
surface_material_override/0 = SubResource("ShaderMaterial_5l5ny")

[node name="OmniLight3D" type="OmniLight3D" parent="ViewportContainer/Viewport/Level/Planet" index="0"]
omni_range = 24.053
omni_attenuation = 0.366022

[node name="WorldLight" parent="ViewportContainer/Viewport/Level" index="3"]
shadow_bias = 0.117
shadow_normal_bias = 0.443
shadow_opacity = 0.22
shadow_blur = 1.511

[node name="CharacterPath" type="Path3D" parent="ViewportContainer/Viewport/Level"]
curve = SubResource("Curve3D_1ax01")

[node name="Character" parent="ViewportContainer/Viewport" instance=ExtResource("6_8i88j")]
transform = Transform3D(0.994176, 0.0221079, -0.103915, -0.0219881, 0.999593, 0.00229827, 0.10394, 5.32609e-09, 0.994419, -5.83847, 0.93526, 0.533405)
action = "talking"

[node name="Player" parent="ViewportContainer/Viewport" instance=ExtResource("7_mwy2h")]
follow_speed = 2.1
turn_speed = 2.981
max_distance = 2.9
view_progress = 0.0

[node name="Camera3D" parent="ViewportContainer/Viewport/Player" index="0"]
transform = Transform3D(0.600992, 0.000899386, -0.799255, -2.61934e-10, 0.999999, 0.00112528, 0.799255, -0.000676284, 0.600991, -10.8949, 2.63937, 4.35122)

[node name="PositionTarget" parent="ViewportContainer/Viewport/Player/PositionPath" index="0"]
transform = Transform3D(-0.126776, 0.0899253, 0.987711, 3.72478e-09, 0.995705, -0.0906608, -0.991792, -0.0114947, -0.126254, -5.51051, 0.735448, 4.31367)

[node name="ViewTarget" parent="ViewportContainer/Viewport/Player/ViewPath" index="0"]
transform = Transform3D(0.559767, 0.109644, 0.821173, -0.00975036, 0.991825, -0.125789, -0.828412, 0.0624138, 0.556357, 1.83102, 0.718013, 1.10855)
progress = 3.61174

[node name="CharacterPath" parent="ViewportContainer/Viewport" instance=ExtResource("6_3ngje")]
progress = 0.12

[node name="PathFollow" parent="ViewportContainer/Viewport/CharacterPath" index="0"]
transform = Transform3D(0.106905, 0, 0.994104, 0, 0.999837, 0, -0.994104, 0, 0.106905, -5.85772, 0.805934, 0.533405)
progress = 0.965696
rotation_mode = 1

[node name="RemoteTransform3D" parent="ViewportContainer/Viewport/CharacterPath/PathFollow" index="1"]
transform = Transform3D(0.00298136, -4.65661e-09, -0.999996, -6.98492e-09, 1, -6.51926e-09, 0.999996, 6.51926e-09, 0.00298141, 0, 0, 0)

[editable path="ViewportContainer/Viewport/Level"]
[editable path="ViewportContainer/Viewport/Level/Environment"]
[editable path="ViewportContainer/Viewport/Player"]
[editable path="ViewportContainer/Viewport/CharacterPath"]
