[gd_scene load_steps=5 format=3 uid="uid://bw70w15xhifwc"]

[ext_resource type="Script" path="res://ui/game_window.gd" id="1_ky7hr"]
[ext_resource type="PackedScene" uid="uid://dahkxa81prn10" path="res://level/level.tscn" id="4_7ey7j"]
[ext_resource type="PackedScene" uid="uid://bi2ttsoa7h87g" path="res://components/remote_follow_path.tscn" id="4_qyilq"]
[ext_resource type="Curve3D" uid="uid://bnnm33024rtvp" path="res://characters/player/player_position_path.tres" id="5_uw7ls"]

[node name="GameWindow" type="Window"]
initial_position = 1
title = "Adventure"
size = Vector2i(1280, 720)
extend_to_title = true
content_scale_size = Vector2i(1280, 720)
content_scale_aspect = 4
script = ExtResource("1_ky7hr")

[node name="ViewportContainer" type="SubViewportContainer" parent="."]
anchors_preset = 15
anchor_right = 1.0
anchor_bottom = 1.0
grow_horizontal = 2
grow_vertical = 2
stretch = true

[node name="Viewport" type="SubViewport" parent="ViewportContainer"]
unique_name_in_owner = true
handle_input_locally = false
use_taa = true
size = Vector2i(1280, 720)
render_target_update_mode = 4

[node name="Level" parent="ViewportContainer/Viewport" instance=ExtResource("4_7ey7j")]

[node name="PlayerFollowPath" parent="ViewportContainer/Viewport" instance=ExtResource("4_qyilq")]
unique_name_in_owner = true
curve = ExtResource("5_uw7ls")
progress = 26.5
progress_ratio = 0.242

[node name="RemoteTransform" parent="ViewportContainer/Viewport/PlayerFollowPath" index="0"]
transform = Transform3D(0.591117, -0.00175618, -0.806583, 7.70087e-07, 0.999997, -0.00217674, 0.806585, 0.00128609, 0.591116, -11.2899, 2.11852, 3.78038)
remote_path = NodePath("../../PlayerCamera")
use_global_coordinates = true

[node name="PathFollow" parent="ViewportContainer/Viewport/PlayerFollowPath" index="1"]
transform = Transform3D(-0.595728, 0, 0.803013, 0, 0.999798, 0, -0.803013, 0, -0.595728, -11.1991, 2.12218, 3.72527)
progress = 4.85348
cubic_interp = false

[node name="PlayerCamera" type="Camera3D" parent="ViewportContainer/Viewport"]
transform = Transform3D(0.591117, -0.00175618, -0.806583, 7.70087e-07, 0.999997, -0.00217674, 0.806585, 0.00128609, 0.591116, -11.2899, 2.11852, 3.78038)

[editable path="ViewportContainer/Viewport/PlayerFollowPath"]
