[gd_scene load_steps=10 format=3 uid="uid://bw70w15xhifwc"]

[ext_resource type="Curve" uid="uid://tm22gemwga8f" path="res://level/environment/curves/stars_angle_curve.tres" id="2_hwptr"]
[ext_resource type="Shader" path="res://level/environment/materials/planet_material.gdshader" id="2_i51cf"]
[ext_resource type="PackedScene" uid="uid://uk3s0fjb5pmh" path="res://level/level.tscn" id="4_7ey7j"]
[ext_resource type="PackedScene" uid="uid://n088b8ab4tef" path="res://ui/screen_overlay.tscn" id="4_p5m14"]

[sub_resource type="FastNoiseLite" id="FastNoiseLite_kuh6x"]
noise_type = 3
frequency = 0.0055
fractal_octaves = 9
fractal_lacunarity = 2.592
fractal_gain = 0.338
fractal_weighted_strength = 1.0
domain_warp_enabled = true
domain_warp_type = 1
domain_warp_amplitude = 51.022
domain_warp_frequency = -0.008
domain_warp_fractal_lacunarity = 2.973

[sub_resource type="NoiseTexture2D" id="NoiseTexture2D_e8406"]
width = 1024
height = 1024
in_3d_space = true
seamless = true
seamless_blend_skirt = 0.582
noise = SubResource("FastNoiseLite_kuh6x")

[sub_resource type="Gradient" id="Gradient_md7p6"]
interpolation_mode = 2
offsets = PackedFloat32Array(0, 0.138173, 0.163934, 0.384075, 0.428571, 0.545667, 0.59719, 0.857143, 1)
colors = PackedColorArray(0.995917, 0.639579, 0.67719, 1, 0.998306, 0.62802, 0.63754, 1, 1.01695, 0.529085, 0.302927, 1, 1, 0.514859, 0.306439, 1, 0.787355, 0.430083, 0.620272, 1, 0.726091, 0.405851, 0.711271, 1, 0.553544, 0.337229, 0.968107, 1, 0.531121, 0.323095, 0.999986, 1, 0.483972, 0.136825, 0.999964, 1)

[sub_resource type="GradientTexture1D" id="GradientTexture1D_astb8"]
gradient = SubResource("Gradient_md7p6")

[sub_resource type="ShaderMaterial" id="ShaderMaterial_arihm"]
resource_local_to_scene = true
render_priority = 0
shader = ExtResource("2_i51cf")
shader_parameter/specular = 0.5
shader_parameter/specular_amount = 0.5
shader_parameter/specular_smoothness = 0.05
shader_parameter/wrap = 0.171
shader_parameter/rim = 0.727
shader_parameter/rim_amount = 0.651
shader_parameter/rim_smoothness = 1.0
shader_parameter/metallic = 0.0
shader_parameter/roughness = 0.608
shader_parameter/emission_energy = 0.27
shader_parameter/albedo_texture = SubResource("NoiseTexture2D_e8406")
shader_parameter/color_gradient = SubResource("GradientTexture1D_astb8")

[node name="GameWindow" type="Window"]
title = "Adventure"
position = Vector2i(238, 36)
size = Vector2i(1280, 720)
extend_to_title = true
content_scale_size = Vector2i(1280, 720)
content_scale_aspect = 1

[node name="ViewportContainer" type="SubViewportContainer" parent="."]
texture_filter = 6
texture_repeat = 1
anchors_preset = 15
anchor_right = 1.0
anchor_bottom = 1.0
grow_horizontal = 2
grow_vertical = 2
stretch = true

[node name="Viewport" type="SubViewport" parent="ViewportContainer"]
unique_name_in_owner = true
handle_input_locally = false
audio_listener_enable_3d = true
size = Vector2i(1280, 720)
render_target_update_mode = 4

[node name="Level" parent="ViewportContainer/Viewport" instance=ExtResource("4_7ey7j")]
journey_progress = 0.20425

[node name="Character" parent="ViewportContainer/Viewport/Level" index="1"]
transform = Transform3D(-0.990355, 1.04315e-05, -0.138532, 1.50066e-11, 1, 7.52998e-05, 0.138532, 7.45739e-05, -0.990355, -13.2931, 1.00015, -3.19279)

[node name="Spaceship" parent="ViewportContainer/Viewport/Level" index="2"]
progress_bar = 0.20425

[node name="RemoteTransform" parent="ViewportContainer/Viewport/Level/FollowPaths/CharacterPath" index="0"]
transform = Transform3D(-0.990355, 1.04315e-05, -0.138532, 1.50066e-11, 1, 7.52998e-05, 0.138532, 7.45739e-05, -0.990355, -13.2931, 1.00015, -3.19279)

[node name="RemoteTransform" parent="ViewportContainer/Viewport/Level/FollowPaths/AlienPath" index="0"]
transform = Transform3D(-0.962808, 0.00436461, 0.270151, 4.65661e-10, 0.999869, -0.0161541, -0.270186, -0.0155533, -0.962682, 0.965921, 1.75103, -4.37203)

[node name="PathFollow" parent="ViewportContainer/Viewport/Level/FollowPaths/AlienPath" index="1"]
transform = Transform3D(-0.962697, 0.00503215, 0.270017, 0, 0.999668, -0.0186311, -0.270062, -0.0179382, -0.962535, 0.968037, 1.74593, -4.38023)
progress = 13.8868

[node name="RemoteTransform" parent="ViewportContainer/Viewport/Level/FollowPaths/LamaPath" index="0"]
transform = Transform3D(-0.829455, 9.3515e-05, -0.558571, -4.36556e-11, 1, 0.000167418, 0.55857, 0.000138866, -0.829456, -4.69336, 1.70155, -10.3192)

[node name="RemoteTransform" parent="ViewportContainer/Viewport/Level/FollowPaths/UfoPath" index="0"]
transform = Transform3D(-0.813833, 0.107236, -0.571119, 3.72529e-09, 0.982825, 0.184539, 0.581099, 0.150184, -0.799856, -4.70804, 4.8628, -10.8321)

[node name="PlayerPath" parent="ViewportContainer/Viewport/Level/FollowPaths" index="4"]
progress_ratio = 1.0
pivot = -0.06
tilt = -0.2

[node name="RemoteTransform" parent="ViewportContainer/Viewport/Level/FollowPaths/PlayerPath" index="0"]
transform = Transform3D(0.926925, 0.02588, 0.374353, -7.72997e-08, 0.997616, -0.0689679, -0.375247, 0.0639279, 0.924717, 0.501199, 2.20094, -1.29051)

[node name="PathFollow" parent="ViewportContainer/Viewport/Level/FollowPaths/PlayerPath" index="1"]
transform = Transform3D(0.980422, 0, 0.196084, 0, 0.999798, 0, -0.196084, 0, 0.980422, 0.5, 2.2, -1.3)
progress = 16.6667

[node name="LookTargetPivot" parent="ViewportContainer/Viewport/Level/FollowPaths/PlayerPath/PathFollow" index="1"]
transform = Transform3D(0.982287, 0, 0.187381, 0, 1, 0, -0.187381, 0, 0.982287, 0, 0, 0)

[node name="LookTargetTilt" parent="ViewportContainer/Viewport/Level/FollowPaths/PlayerPath/PathFollow/LookTargetPivot" index="0"]
transform = Transform3D(1, 0, 0, 0, 0.997563, -0.0697564, 0, 0.0697564, 0.997563, 0, 0, 0)

[node name="Alien" parent="ViewportContainer/Viewport/Level/Ground/PlanetStardust" index="0"]
transform = Transform3D(-0.96265, 0.00436369, 0.270105, 4.65585e-10, 0.999658, -0.0161513, -0.270142, -0.01555, -0.96252, 0.965921, 1.75103, -4.37203)

[node name="LamaLost" parent="ViewportContainer/Viewport/Level/Ground/PlanetStardust" index="1"]
transform = Transform3D(-0.829455, 9.3515e-05, -0.558571, -4.36556e-11, 1, 0.000167418, 0.55857, 0.000138866, -0.829456, -4.69336, 1.70155, -10.3192)

[node name="Ufo" parent="ViewportContainer/Viewport/Level/Ground/PlanetStardust" index="2"]
transform = Transform3D(-0.813833, 0.107236, -0.571119, 3.72529e-09, 0.982825, 0.184539, 0.581099, 0.150184, -0.799856, -4.70804, 4.8628, -10.8321)

[node name="Environment" parent="ViewportContainer/Viewport/Level" index="5"]
planet_distance = 0.79575
stars_progress = 0.250032
stars_angle_curve = ExtResource("2_hwptr")

[node name="PlanetPivot" parent="ViewportContainer/Viewport/Level/Environment" index="2"]
transform = Transform3D(1, 0, 0, 0, 0.965079, -0.261961, 0, 0.261961, 0.965079, 0, 0, 0)

[node name="Planet" parent="ViewportContainer/Viewport/Level/Environment/PlanetPivot" index="0"]
transform = Transform3D(-0.453008, -0.00310749, -0.0114482, 0, 0.437338, -0.118711, 0.0118624, -0.11867, -0.437188, 0, 0, -60.3764)
surface_material_override/0 = SubResource("ShaderMaterial_arihm")

[node name="Stars" parent="ViewportContainer/Viewport/Level/Environment" index="4"]
transform = Transform3D(0.86103, 0.507717, -0.0291382, -0.419009, 0.675792, -0.606414, -0.288195, 0.534351, 0.794616, 0, -2.50745, 2.68033)

[node name="PlayerCamera" parent="ViewportContainer/Viewport/Level" index="6"]
transform = Transform3D(0.926925, 0.02588, 0.374353, -7.72997e-08, 0.997616, -0.0689679, -0.375247, 0.0639279, 0.924717, 0.501199, 2.20094, -1.29051)

[node name="ScreenOverlay" parent="." instance=ExtResource("4_p5m14")]

[editable path="ViewportContainer/Viewport/Level"]
[editable path="ViewportContainer/Viewport/Level/FollowPaths/CharacterPath"]
[editable path="ViewportContainer/Viewport/Level/FollowPaths/AlienPath"]
[editable path="ViewportContainer/Viewport/Level/FollowPaths/LamaPath"]
[editable path="ViewportContainer/Viewport/Level/FollowPaths/UfoPath"]
[editable path="ViewportContainer/Viewport/Level/FollowPaths/PlayerPath"]
[editable path="ViewportContainer/Viewport/Level/Ground/Station/Computers/Computer_01"]
[editable path="ViewportContainer/Viewport/Level/Ground/Station/Computers/Computer_03"]
[editable path="ViewportContainer/Viewport/Level/Ground/Station/Computers/Computer_04"]
[editable path="ViewportContainer/Viewport/Level/Ground/Station/Computers/Computer_05"]
[editable path="ViewportContainer/Viewport/Level/Environment"]
