[gd_scene load_steps=9 format=3 uid="uid://bw70w15xhifwc"]

[ext_resource type="Shader" path="res://level/environment/materials/planet_material.gdshader" id="2_ney6o"]
[ext_resource type="PackedScene" uid="uid://uk3s0fjb5pmh" path="res://level/level.tscn" id="4_7ey7j"]
[ext_resource type="PackedScene" uid="uid://n088b8ab4tef" path="res://ui/screen_overlay.tscn" id="4_p5m14"]

[sub_resource type="FastNoiseLite" id="FastNoiseLite_kuh6x"]
noise_type = 3
frequency = 0.006
fractal_octaves = 9
fractal_lacunarity = 2.592
fractal_gain = 0.338
fractal_weighted_strength = 1.0
domain_warp_enabled = true
domain_warp_type = 1
domain_warp_amplitude = 51.022
domain_warp_frequency = -0.008
domain_warp_fractal_lacunarity = 2.973

[sub_resource type="NoiseTexture2D" id="NoiseTexture2D_e8406"]
width = 1024
height = 1024
in_3d_space = true
seamless = true
seamless_blend_skirt = 0.511
noise = SubResource("FastNoiseLite_kuh6x")

[sub_resource type="Gradient" id="Gradient_md7p6"]
interpolation_mode = 2
offsets = PackedFloat32Array(0.246212, 0.405303, 0.509202, 0.610429, 0.665644, 0.847403, 0.899351, 0.957792)
colors = PackedColorArray(0.241235, 0.181639, 0.637774, 1, 0.265675, 0.328805, 0.670102, 1, 0.321228, 0.441731, 0.877504, 1, 0.536334, 0.586287, 1, 1, 0.623842, 0.427904, 0.857562, 1, 0.696128, 0.381502, 0.827304, 1, 0.661754, 0.516994, 0.900451, 1, 0.816009, 0.638485, 0.92737, 1)

[sub_resource type="GradientTexture1D" id="GradientTexture1D_astb8"]
gradient = SubResource("Gradient_md7p6")

[sub_resource type="ShaderMaterial" id="ShaderMaterial_a6yr4"]
resource_local_to_scene = true
render_priority = 0
shader = ExtResource("2_ney6o")
shader_parameter/specular = 0.0
shader_parameter/specular_amount = 0.0
shader_parameter/specular_smoothness = 0.05
shader_parameter/wrap = 0.171
shader_parameter/rim = 0.785
shader_parameter/rim_amount = 0.651
shader_parameter/rim_smoothness = 0.642
shader_parameter/metallic = 0.0
shader_parameter/roughness = 1.0
shader_parameter/emission_energy = 0.484
shader_parameter/albedo_texture = SubResource("NoiseTexture2D_e8406")
shader_parameter/color_gradient = SubResource("GradientTexture1D_astb8")

[node name="GameWindow" type="Window"]
title = "Adventure"
position = Vector2i(375, 36)
size = Vector2i(1280, 720)
extend_to_title = true
content_scale_size = Vector2i(1280, 720)
content_scale_aspect = 1

[node name="ViewportContainer" type="SubViewportContainer" parent="."]
texture_filter = 6
texture_repeat = 1
anchors_preset = 15
anchor_right = 1.0
anchor_bottom = 1.0
grow_horizontal = 2
grow_vertical = 2
stretch = true

[node name="Viewport" type="SubViewport" parent="ViewportContainer"]
unique_name_in_owner = true
handle_input_locally = false
audio_listener_enable_3d = true
size = Vector2i(1280, 720)
render_target_update_mode = 4

[node name="Level" parent="ViewportContainer/Viewport" instance=ExtResource("4_7ey7j")]

[node name="Character" parent="ViewportContainer/Viewport/Level" index="2"]
transform = Transform3D(0.974625, 7.72398e-05, -0.22384, -1.38243e-10, 1, 0.000345067, 0.22384, -0.000336311, 0.974626, -0.909603, 0.600691, -1.69927)

[node name="CharacterPath" parent="ViewportContainer/Viewport/Level/FollowPaths" index="0"]
progress_ratio = 1.0
pivot = 0.14

[node name="RemoteTransform" parent="ViewportContainer/Viewport/Level/FollowPaths/CharacterPath" index="0"]
transform = Transform3D(0.974625, 7.72398e-05, -0.22384, -1.38243e-10, 1, 0.000345067, 0.22384, -0.000336311, 0.974626, -0.909603, 0.600691, -1.69927)

[node name="PathFollow" parent="ViewportContainer/Viewport/Level/FollowPaths/CharacterPath" index="1"]
transform = Transform3D(0.976025, 0, 0.216894, 0, 0.999798, 0, -0.216894, 0, 0.976025, -0.9, 0.6, -1.7)
progress = 17.3165

[node name="LookTargetPivot" parent="ViewportContainer/Viewport/Level/FollowPaths/CharacterPath/PathFollow" index="1"]
transform = Transform3D(0.904827, 0, -0.425779, 0, 1, 0, 0.425779, 0, 0.904827, 0, 0, 0)

[node name="RemoteTransform" parent="ViewportContainer/Viewport/Level/FollowPaths/AlienPath" index="0"]
transform = Transform3D(-0.963976, 0.000852315, 0.265983, 1.68802e-09, 0.999995, -0.00320437, -0.265984, -0.00308894, -0.963972, 0.995202, 1.29361, -4.19556)

[node name="PathFollow" parent="ViewportContainer/Viewport/Level/FollowPaths/AlienPath" index="1"]
transform = Transform3D(-0.96337, 0, 0.267603, 0, 0.999828, 0, -0.267603, 0, -0.96337, 1, 1.3, -4.2)

[node name="RemoteTransform" parent="ViewportContainer/Viewport/Level/FollowPaths/LamaPath" index="0"]
transform = Transform3D(-0.829457, 9.35151e-05, -0.558571, -1.45519e-11, 1, 0.000167418, 0.558571, 0.000138866, -0.829457, -4.69336, 1.70155, -10.3192)

[node name="PathFollow" parent="ViewportContainer/Viewport/Level/FollowPaths/LamaPath" index="1"]
transform = Transform3D(-0.829347, 0, -0.558481, 0, 0.999818, 0, 0.558481, 0, -0.829347, -4.69748, 1.70122, -10.3254)

[node name="RemoteTransform" parent="ViewportContainer/Viewport/Level/FollowPaths/UfoPath" index="0"]
transform = Transform3D(-0.813833, 0.107236, -0.571119, 7.07805e-08, 0.982825, 0.184539, 0.581099, 0.150184, -0.799856, -4.70804, 4.8628, -10.8321)

[node name="PathFollow" parent="ViewportContainer/Viewport/Level/FollowPaths/UfoPath" index="1"]
transform = Transform3D(-0.81839, 0.024033, -0.573938, -0.100701, 0.977489, 0.184525, 0.565547, 0.208829, -0.797676, -4.71558, 4.86339, -10.8304)

[node name="PlayerPath" parent="ViewportContainer/Viewport/Level/FollowPaths" index="4"]
progress_ratio = 1.0

[node name="RemoteTransform" parent="ViewportContainer/Viewport/Level/FollowPaths/PlayerPath" index="0"]
transform = Transform3D(0.938175, -0.0421019, 0.34359, -9.68575e-08, 0.992576, 0.121626, -0.34616, -0.114106, 0.93121, 0.501433, 2.20068, -1.29038)

[node name="PathFollow" parent="ViewportContainer/Viewport/Level/FollowPaths/PlayerPath" index="1"]
transform = Transform3D(0.980414, 0, 0.196083, 0, 0.999798, 0, -0.196083, 0, 0.980414, 0.5, 2.2, -1.3)
progress = 16.6667

[node name="LamaLost" parent="ViewportContainer/Viewport/Level/Ground/PlanetStardust" index="0"]
transform = Transform3D(-0.829457, 9.35151e-05, -0.558571, -1.45519e-11, 1, 0.000167418, 0.558571, 0.000138866, -0.829457, -4.69336, 1.70155, -10.3192)

[node name="lama" parent="ViewportContainer/Viewport/Level/Ground/PlanetStardust/LamaLost" index="2"]
transform = Transform3D(-3.61999e-06, 0, -1, 0, 1, 0, 1, 0, -3.61999e-06, 0, 0.1875, -0.359375)

[node name="neck" parent="ViewportContainer/Viewport/Level/Ground/PlanetStardust/LamaLost/lama" index="0"]
transform = Transform3D(1, 0, 0, 0, 1, 0, 0, 0, 1, 0.0625, 0.375, 0.015625)

[node name="head" parent="ViewportContainer/Viewport/Level/Ground/PlanetStardust/LamaLost/lama/neck" index="0"]
transform = Transform3D(1, 0, 0, 0, 1, 0, 0, 0, 1, 0.00781253, 0.601564, -1.49012e-08)

[node name="ear_right" parent="ViewportContainer/Viewport/Level/Ground/PlanetStardust/LamaLost/lama/neck/head" index="0"]
transform = Transform3D(0.866025, -0.5, 0, 0.5, 0.866025, 0, 0, 0, 1, 0.015625, 0.171875, -0.0703125)

[node name="ear_left" parent="ViewportContainer/Viewport/Level/Ground/PlanetStardust/LamaLost/lama/neck/head" index="1"]
transform = Transform3D(0.866023, -0.500004, 0, 0.500003, 0.866024, 1.22465e-16, 6.12329e-17, 1.06058e-16, -1, 0.015625, 0.171875, 0.0546875)

[node name="leg_front_left" parent="ViewportContainer/Viewport/Level/Ground/PlanetStardust/LamaLost/lama" index="3"]
transform = Transform3D(-1, 1.22465e-16, -2.53518e-06, 1.22465e-16, 1, 1.22465e-16, 2.53518e-06, 1.22465e-16, -1, 0.170001, 0.25, 0.11989)

[node name="leg_back_left" parent="ViewportContainer/Viewport/Level/Ground/PlanetStardust/LamaLost/lama" index="4"]
transform = Transform3D(-1, 1.22465e-16, -2.53518e-06, 1.22465e-16, 1, 1.22465e-16, 2.53518e-06, 1.22465e-16, -1, 0.59375, 0.25, 0.132813)

[node name="Ufo" parent="ViewportContainer/Viewport/Level/Ground/PlanetStardust" index="1"]
transform = Transform3D(-0.813833, 0.107236, -0.571119, 7.07805e-08, 0.982825, 0.184539, 0.581099, 0.150184, -0.799856, -4.70804, 4.8628, -10.8321)

[node name="Alien" parent="ViewportContainer/Viewport/Level/Ground/PlanetStardust" index="2"]
transform = Transform3D(-0.963946, 0.000852064, 0.26593, 1.68797e-09, 0.999701, -0.00320374, -0.265976, -0.00308803, -0.963781, 0.995202, 1.29361, -4.19556)

[node name="Planet" parent="ViewportContainer/Viewport/Level/Environment/PlanetPivot" index="0"]
surface_material_override/0 = SubResource("ShaderMaterial_a6yr4")

[node name="PathFollow3D" parent="ViewportContainer/Viewport/Level/Environment/Stars/Paths/StarPath3D1" index="0"]
transform = Transform3D(-0.685881, 0.479684, -0.546994, 0.606455, -0.0382956, -0.794023, -0.401879, -0.87646, -0.264674, -1.49012e-08, 0, -3.72529e-09)
progress = 105.481

[node name="PathFollow3D" parent="ViewportContainer/Viewport/Level/Environment/Stars/Paths/StarPath3D2" index="0"]
transform = Transform3D(-0.685894, 0.47969, -0.54701, 0.606467, -0.0382961, -0.794047, -0.401886, -0.876472, -0.264682, -1.49012e-08, 0, -3.72529e-09)

[node name="PathFollow3D" parent="ViewportContainer/Viewport/Level/Environment/Stars/Paths/StarPath3D3" index="0"]
transform = Transform3D(-0.685899, 0.479697, -0.547009, 0.606471, -0.0382967, -0.794045, -0.401889, -0.876485, -0.264682, -1.49012e-08, 0, -3.72529e-09)

[node name="PathFollow3D" parent="ViewportContainer/Viewport/Level/Environment/Stars/Paths/StarPath3D4" index="0"]
transform = Transform3D(-0.685902, 0.479694, -0.547009, 0.606474, -0.0382965, -0.794045, -0.401891, -0.87648, -0.264682, -1.49012e-08, 0, -3.72529e-09)

[node name="PathFollow3D" parent="ViewportContainer/Viewport/Level/Environment/Stars/Paths/StarPath3D5" index="0"]
transform = Transform3D(-0.68587, 0.479666, -0.546989, 0.606446, -0.0382942, -0.794017, -0.401872, -0.876428, -0.264672, -1.49012e-08, 0, -3.72529e-09)

[node name="PathFollow3D" parent="ViewportContainer/Viewport/Level/Environment/Stars/Paths/StarPath3D6" index="0"]
transform = Transform3D(-0.685888, 0.479682, -0.546997, 0.606462, -0.0382955, -0.794029, -0.401883, -0.876457, -0.264676, -1.49012e-08, 0, -3.72529e-09)

[node name="PathFollow3D" parent="ViewportContainer/Viewport/Level/Environment/Stars/Paths/StarPath3D7" index="0"]
transform = Transform3D(-0.6859, 0.47969, -0.547013, 0.606472, -0.0382961, -0.794051, -0.40189, -0.876471, -0.264684, -1.49012e-08, 0, -3.72529e-09)

[node name="PathFollow3D" parent="ViewportContainer/Viewport/Level/Environment/Stars/Paths/StarPath3D8" index="0"]
transform = Transform3D(-0.685899, 0.479697, -0.54701, 0.606471, -0.0382967, -0.794046, -0.401889, -0.876485, -0.264682, -1.49012e-08, 0, -3.72529e-09)

[node name="PathFollow3D" parent="ViewportContainer/Viewport/Level/Environment/Stars/Paths/StarPath3D9" index="0"]
transform = Transform3D(-0.6859, 0.479693, -0.547008, 0.606472, -0.0382964, -0.794044, -0.40189, -0.876477, -0.264681, -1.49012e-08, 0, -3.72529e-09)

[node name="PathFollow3D" parent="ViewportContainer/Viewport/Level/Environment/Stars/Paths/StarPath3D10" index="0"]
transform = Transform3D(-0.685872, 0.479667, -0.546989, 0.606447, -0.0382943, -0.794017, -0.401873, -0.87643, -0.264672, -1.49012e-08, 0, -3.72529e-09)

[node name="PathFollow3D" parent="ViewportContainer/Viewport/Level/Environment/Stars/Paths/StarPath3D11" index="0"]
transform = Transform3D(-0.6859, 0.479695, -0.547008, 0.606472, -0.0382965, -0.794044, -0.40189, -0.876481, -0.264681, -1.49012e-08, 0, -3.72529e-09)

[node name="PathFollow3D" parent="ViewportContainer/Viewport/Level/Environment/Stars/Paths/StarPath3D12" index="0"]
transform = Transform3D(-0.68587, 0.47967, -0.546988, 0.606446, -0.0382945, -0.794015, -0.401872, -0.876435, -0.264672, -1.49012e-08, 0, -3.72529e-09)

[node name="Star1" parent="ViewportContainer/Viewport/Level/Environment/Stars" index="1"]
transform = Transform3D(-0.266508, 0.420327, -0.867328, 0.960403, 0.191157, -0.202484, 0.0806854, -0.886988, -0.454648, -13.2371, -8.69633, -22.9816)

[node name="Star2" parent="ViewportContainer/Viewport/Level/Environment/Stars" index="2"]
transform = Transform3D(-0.266521, 0.420326, -0.86733, 0.960446, 0.191156, -0.202486, 0.0806885, -0.886986, -0.454649, -4.528, -5.67496, -22.8318)

[node name="Star3" parent="ViewportContainer/Viewport/Level/Environment/Stars" index="3"]
transform = Transform3D(-0.266516, 0.420331, -0.867325, 0.960434, 0.191158, -0.202484, 0.0806875, -0.886997, -0.454646, -0.105387, -1.42938, -23.3672)

[node name="Star4" parent="ViewportContainer/Viewport/Level/Environment/Stars" index="4"]
transform = Transform3D(-0.266519, 0.420334, -0.867341, 0.96044, 0.19116, -0.202488, 0.0806885, -0.887003, -0.454656, 5.97346, 2.04138, -23.5697)

[node name="Star5" parent="ViewportContainer/Viewport/Level/Environment/Stars" index="5"]
transform = Transform3D(-0.266519, 0.420328, -0.867338, 0.960442, 0.191157, -0.202487, 0.0806881, -0.886992, -0.454653, -16.3116, -15.1163, -21.8273)

[node name="Star6" parent="ViewportContainer/Viewport/Level/Environment/Stars" index="6"]
transform = Transform3D(-0.266517, 0.420331, -0.867338, 0.96044, 0.191158, -0.202485, 0.0806886, -0.886999, -0.454652, -4.69919, -9.19171, -22.0552)

[node name="Star7" parent="ViewportContainer/Viewport/Level/Environment/Stars" index="7"]
transform = Transform3D(-0.266521, 0.420331, -0.867333, 0.960447, 0.191158, -0.202486, 0.0806885, -0.886996, -0.454651, 3.83944, -3.99892, -22.4113)

[node name="Star8" parent="ViewportContainer/Viewport/Level/Environment/Stars" index="8"]
transform = Transform3D(-0.26652, 0.420333, -0.867331, 0.960443, 0.191159, -0.202486, 0.0806884, -0.887001, -0.45465, 9.81649, -0.363967, -22.6606)

[node name="Star9" parent="ViewportContainer/Viewport/Level/Environment/Stars" index="9"]
transform = Transform3D(-0.266518, 0.420331, -0.867339, 0.960437, 0.191158, -0.202487, 0.0806878, -0.886999, -0.454653, -7.26146, -16.4377, -20.6657)

[node name="Star10" parent="ViewportContainer/Viewport/Level/Environment/Stars" index="10"]
transform = Transform3D(-0.266521, 0.420329, -0.867337, 0.960445, 0.191158, -0.202487, 0.0806888, -0.886993, -0.454653, -0.430559, -12.2835, -20.9507)

[node name="Star11" parent="ViewportContainer/Viewport/Level/Environment/Stars" index="11"]
transform = Transform3D(-0.266521, 0.420332, -0.867332, 0.960445, 0.19116, -0.202486, 0.0806889, -0.886999, -0.45465, 6.40036, -8.12925, -21.2356)

[node name="Star12" parent="ViewportContainer/Viewport/Level/Environment/Stars" index="12"]
transform = Transform3D(-0.26652, 0.420327, -0.867332, 0.960443, 0.191157, -0.202486, 0.0806885, -0.886988, -0.454651, 12.3774, -4.4943, -21.4849)

[node name="PlayerCamera" parent="ViewportContainer/Viewport/Level" index="7"]
transform = Transform3D(0.938175, -0.0421019, 0.34359, -9.68575e-08, 0.992576, 0.121626, -0.34616, -0.114106, 0.93121, 0.501433, 2.20068, -1.29038)

[node name="ScreenOverlay" parent="." instance=ExtResource("4_p5m14")]

[editable path="ViewportContainer/Viewport/Level"]
[editable path="ViewportContainer/Viewport/Level/FollowPaths/CharacterPath"]
[editable path="ViewportContainer/Viewport/Level/FollowPaths/AlienPath"]
[editable path="ViewportContainer/Viewport/Level/FollowPaths/LamaPath"]
[editable path="ViewportContainer/Viewport/Level/FollowPaths/UfoPath"]
[editable path="ViewportContainer/Viewport/Level/FollowPaths/PlayerPath"]
[editable path="ViewportContainer/Viewport/Level/Ground/Station/Computers/Computer_01"]
[editable path="ViewportContainer/Viewport/Level/Ground/Station/Computers/Computer_03"]
[editable path="ViewportContainer/Viewport/Level/Ground/Station/Computers/Computer_04"]
[editable path="ViewportContainer/Viewport/Level/Ground/Station/Computers/Computer_05"]
[editable path="ViewportContainer/Viewport/Level/Ground/PlanetStardust/LamaLost"]
[editable path="ViewportContainer/Viewport/Level/Environment"]
[editable path="ViewportContainer/Viewport/Level/Environment/Stars"]
