[gd_scene load_steps=12 format=3 uid="uid://bw70w15xhifwc"]

[ext_resource type="Shader" path="res://level/environment/materials/planet_material.gdshader" id="2_gujbd"]
[ext_resource type="PackedScene" uid="uid://uk3s0fjb5pmh" path="res://level/level.tscn" id="4_7ey7j"]
[ext_resource type="PackedScene" uid="uid://n088b8ab4tef" path="res://ui/screen_overlay.tscn" id="4_p5m14"]

[sub_resource type="AnimationNodeStateMachinePlayback" id="AnimationNodeStateMachinePlayback_q1qc6"]

[sub_resource type="AnimationNodeStateMachinePlayback" id="AnimationNodeStateMachinePlayback_n4tfc"]

[sub_resource type="AnimationNodeStateMachinePlayback" id="AnimationNodeStateMachinePlayback_o3pib"]

[sub_resource type="FastNoiseLite" id="FastNoiseLite_kuh6x"]
noise_type = 3
frequency = 0.0055
fractal_octaves = 9
fractal_lacunarity = 2.592
fractal_gain = 0.338
fractal_weighted_strength = 1.0
domain_warp_enabled = true
domain_warp_type = 1
domain_warp_amplitude = 51.022
domain_warp_frequency = -0.008
domain_warp_fractal_lacunarity = 2.973

[sub_resource type="NoiseTexture2D" id="NoiseTexture2D_e8406"]
width = 1024
height = 1024
in_3d_space = true
seamless = true
seamless_blend_skirt = 0.582
noise = SubResource("FastNoiseLite_kuh6x")

[sub_resource type="Gradient" id="Gradient_md7p6"]
interpolation_mode = 2
offsets = PackedFloat32Array(0.246212, 0.405303, 0.575758, 0.643939, 0.720779, 0.847403, 0.883117, 0.899351, 0.957792)
colors = PackedColorArray(0.241235, 0.181639, 0.637774, 1, 0.265675, 0.328805, 0.670102, 1, 0.358184, 0.457245, 0.795857, 1, 0.55206, 0.609156, 0.918864, 1, 0.62316, 0.499455, 0.70292, 1, 0.624484, 0.462869, 0.723787, 1, 0.623842, 0.427904, 0.857562, 1, 0.661754, 0.516994, 0.900451, 1, 0.816009, 0.638485, 0.92737, 1)

[sub_resource type="GradientTexture1D" id="GradientTexture1D_astb8"]
gradient = SubResource("Gradient_md7p6")

[sub_resource type="ShaderMaterial" id="ShaderMaterial_xgacv"]
resource_local_to_scene = true
render_priority = 0
shader = ExtResource("2_gujbd")
shader_parameter/specular = 0.5
shader_parameter/specular_amount = 0.5
shader_parameter/specular_smoothness = 0.05
shader_parameter/wrap = 0.171
shader_parameter/rim = 0.727
shader_parameter/rim_amount = 0.651
shader_parameter/rim_smoothness = 1.0
shader_parameter/metallic = 0.0
shader_parameter/roughness = 0.608
shader_parameter/emission_energy = 0.265
shader_parameter/albedo_texture = SubResource("NoiseTexture2D_e8406")
shader_parameter/color_gradient = SubResource("GradientTexture1D_astb8")

[node name="GameWindow" type="Window"]
initial_position = 1
title = "Adventure"
size = Vector2i(1280, 720)
extend_to_title = true
content_scale_size = Vector2i(1280, 720)
content_scale_aspect = 4

[node name="ViewportContainer" type="SubViewportContainer" parent="."]
texture_filter = 6
texture_repeat = 1
anchors_preset = 15
anchor_right = 1.0
anchor_bottom = 1.0
grow_horizontal = 2
grow_vertical = 2
stretch = true

[node name="Viewport" type="SubViewport" parent="ViewportContainer"]
unique_name_in_owner = true
handle_input_locally = false
screen_space_aa = 1
use_taa = true
use_debanding = true
use_occlusion_culling = true
audio_listener_enable_3d = true
size = Vector2i(1280, 720)
render_target_update_mode = 4

[node name="Level" parent="ViewportContainer/Viewport" instance=ExtResource("4_7ey7j")]

[node name="StateTree" parent="ViewportContainer/Viewport/Level" index="0"]
parameters/playback = SubResource("AnimationNodeStateMachinePlayback_q1qc6")

[node name="Character" parent="ViewportContainer/Viewport/Level" index="2"]
transform = Transform3D(-0.990357, 1.04315e-05, -0.138532, 1.63709e-11, 0.999999, 7.53002e-05, 0.138532, 7.45741e-05, -0.990357, -13.2931, 1.00015, -3.19279)

[node name="AnimationTree" parent="ViewportContainer/Viewport/Level/Spaceship" index="1"]
parameters/door_state/playback = SubResource("AnimationNodeStateMachinePlayback_n4tfc")
parameters/screen_state/playback = SubResource("AnimationNodeStateMachinePlayback_o3pib")

[node name="controls" parent="ViewportContainer/Viewport/Level/Spaceship/spaceship/cockpit" index="1"]
transform = Transform3D(0.990622, -0.13259, -0.0329651, 0.136306, 0.942572, 0.304923, -0.00935789, -0.306557, 0.951806, 0.688043, 0.511933, -1.92573)

[node name="controls_left" parent="ViewportContainer/Viewport/Level/Spaceship/spaceship/cockpit" index="2"]
transform = Transform3D(0.999689, 0.0131664, 0.0211798, -0.0138713, 0.999343, 0.0334874, -0.020725, -0.0337708, 0.999214, -0.6875, 0.400625, -2.07488)

[node name="RemoteTransform" parent="ViewportContainer/Viewport/Level/FollowPaths/CharacterPath" index="0"]
transform = Transform3D(-0.990357, 1.04315e-05, -0.138532, 1.63709e-11, 0.999999, 7.53002e-05, 0.138532, 7.45741e-05, -0.990357, -13.2931, 1.00015, -3.19279)

[node name="PathFollow" parent="ViewportContainer/Viewport/Level/FollowPaths/CharacterPath" index="1"]
transform = Transform3D(0.989782, 0, 0.141398, 0, 0.999798, 0, -0.141398, 0, 0.989782, -13.3, 1, -3.2)

[node name="RemoteTransform" parent="ViewportContainer/Viewport/Level/FollowPaths/AlienPath" index="0"]
transform = Transform3D(-0.963977, 0.000852312, 0.265983, -8.73114e-11, 0.999995, -0.00320437, -0.265984, -0.00308894, -0.963973, 0.995202, 1.29361, -4.19556)

[node name="PathFollow" parent="ViewportContainer/Viewport/Level/FollowPaths/AlienPath" index="1"]
transform = Transform3D(0.96337, 0, -0.267603, 0, 0.999828, 0, 0.267603, 0, 0.96337, 1, 1.3, -4.2)

[node name="RemoteTransform" parent="ViewportContainer/Viewport/Level/FollowPaths/LamaPath" index="0"]
transform = Transform3D(-0.516591, -2.55671e-05, -0.856231, 1.81899e-12, 1, -2.986e-05, 0.856231, -1.54254e-05, -0.516591, -1.20467, 1.49994, -4.50853)

[node name="PathFollow" parent="ViewportContainer/Viewport/Level/FollowPaths/LamaPath" index="1"]
transform = Transform3D(0.514422, 0, 0.857369, 0, 0.999818, 0, -0.857369, 0, 0.514422, -1.2, 1.5, -4.5)

[node name="RemoteTransform" parent="ViewportContainer/Viewport/Level/FollowPaths/UfoPath" index="0"]
transform = Transform3D(-0.821341, 0.0556393, -0.567717, 2.79397e-08, 0.995231, 0.0975379, 0.570437, 0.0801119, -0.817424, -3.6232, 4.60381, -9.8327)

[node name="PathFollow" parent="ViewportContainer/Viewport/Level/FollowPaths/UfoPath" index="1"]
transform = Transform3D(0.715748, 0.406692, 0.567486, -0.431969, 0.896418, -0.0976359, -0.548498, -0.17527, 0.817419, -3.6277, 4.60486, -9.83984)

[node name="PlayerPath" parent="ViewportContainer/Viewport/Level/FollowPaths" index="4"]
progress_ratio = 0.0
pivot = -0.03
tilt = -0.7

[node name="RemoteTransform" parent="ViewportContainer/Viewport/Level/FollowPaths/PlayerPath" index="0"]
transform = Transform3D(0.894945, 0.108293, -0.432834, 5.2154e-08, 0.970097, 0.242714, 0.446175, -0.217216, 0.868184, -13.4931, 2.59967, -0.805649)
remote_path = NodePath("../../../../PlayerCamera")

[node name="PathFollow" parent="ViewportContainer/Viewport/Level/FollowPaths/PlayerPath" index="1"]
transform = Transform3D(-0.847869, 0, 0.529918, 0, 0.999798, 0, -0.529918, 0, -0.847869, -13.5, 2.6, -0.8)
progress = 0.0

[node name="LookTargetPivot" parent="ViewportContainer/Viewport/Level/FollowPaths/PlayerPath/PathFollow" index="1"]
transform = Transform3D(0.995562, 0, 0.0941083, 0, 1, 0, -0.0941083, 0, 0.995562, 0, 0, 0)

[node name="LookTargetTilt" parent="ViewportContainer/Viewport/Level/FollowPaths/PlayerPath/PathFollow/LookTargetPivot" index="0"]
transform = Transform3D(1, 0, 0, 0, 0.970295, -0.241922, 0, 0.241922, 0.970295, 0, 0, 0)

[node name="LamaLost" parent="ViewportContainer/Viewport/Level/Ground/PlanetStardust" index="0"]
transform = Transform3D(-0.516591, -2.55671e-05, -0.856231, 1.81899e-12, 1, -2.986e-05, 0.856231, -1.54254e-05, -0.516591, -1.20467, 1.49994, -4.50853)

[node name="Ufo" parent="ViewportContainer/Viewport/Level/Ground/PlanetStardust" index="1"]
transform = Transform3D(-0.821341, 0.0556393, -0.567717, 2.79397e-08, 0.995231, 0.0975379, 0.570437, 0.0801119, -0.817424, -3.6232, 4.60381, -9.8327)

[node name="ufo" parent="ViewportContainer/Viewport/Level/Ground/PlanetStardust/Ufo" index="4"]
transform = Transform3D(0.986386, 0.115874, 0.11667, -0.11667, 0.99317, 0, -0.115874, -0.013612, 0.993169, 0, 0, 0)

[node name="ring_light" parent="ViewportContainer/Viewport/Level/Ground/PlanetStardust/Ufo/ufo" index="4"]
transform = Transform3D(1, 0, 0, 0, 1, 0, 0, 0, 1, 0, 0, 0)

[node name="beam" parent="ViewportContainer/Viewport/Level/Ground/PlanetStardust/Ufo/ufo" index="13"]
transform = Transform3D(0.588531, 0.462548, -0.00622298, -0.0620966, 0.152834, 0.0975507, 0.46073, -0.570254, 0.0210969, 4.76837e-07, -0.7, 0)

[node name="Alien" parent="ViewportContainer/Viewport/Level/Ground/PlanetStardust" index="2"]
transform = Transform3D(-0.963947, 0.000852061, 0.265929, -8.73087e-11, 0.999701, -0.00320373, -0.265976, -0.00308803, -0.963779, 0.995202, 1.29361, -4.19556)

[node name="Planet" parent="ViewportContainer/Viewport/Level" index="6"]
transform = Transform3D(-0.249969, 8.3819e-09, -0.00392246, 0.00200871, 0.214731, -0.12801, 0.00336909, -0.128026, -0.214704, 3.72275, 28.7924, -54.9282)
surface_material_override/0 = SubResource("ShaderMaterial_xgacv")

[node name="Stars" parent="ViewportContainer/Viewport/Level" index="9"]
transform = Transform3D(0.853862, 0.519279, -0.0356162, -0.51218, 0.826063, -0.235142, -0.092683, 0.219021, 0.971308, 0, 0, 0)
visible = false

[node name="PlayerCamera" type="Camera3D" parent="ViewportContainer/Viewport"]
unique_name_in_owner = true
transform = Transform3D(0.894945, 0.108293, -0.432834, 5.2154e-08, 0.970097, 0.242714, 0.446175, -0.217216, 0.868184, -13.4931, 2.59967, -0.805649)
fov = 65.5

[node name="ScreenOverlay" parent="." instance=ExtResource("4_p5m14")]

[editable path="ViewportContainer/Viewport/Level"]
[editable path="ViewportContainer/Viewport/Level/Spaceship"]
[editable path="ViewportContainer/Viewport/Level/FollowPaths/CharacterPath"]
[editable path="ViewportContainer/Viewport/Level/FollowPaths/AlienPath"]
[editable path="ViewportContainer/Viewport/Level/FollowPaths/LamaPath"]
[editable path="ViewportContainer/Viewport/Level/FollowPaths/UfoPath"]
[editable path="ViewportContainer/Viewport/Level/FollowPaths/PlayerPath"]
[editable path="ViewportContainer/Viewport/Level/Ground/Station/Computers/Computer_01"]
[editable path="ViewportContainer/Viewport/Level/Ground/Station/Computers/Computer_03"]
[editable path="ViewportContainer/Viewport/Level/Ground/Station/Computers/Computer_04"]
[editable path="ViewportContainer/Viewport/Level/Ground/Station/Computers/Computer_05"]
[editable path="ViewportContainer/Viewport/Level/Ground/PlanetStardust/Ufo"]
[editable path="ViewportContainer/Viewport/Level/Environment"]
