[gd_scene load_steps=8 format=3 uid="uid://bw70w15xhifwc"]

[ext_resource type="Shader" path="res://shaders/toon.gdshader" id="3_v1x1n"]
[ext_resource type="PackedScene" uid="uid://uk3s0fjb5pmh" path="res://level/level.tscn" id="4_7ey7j"]

[sub_resource type="AnimationNodeStateMachinePlayback" id="AnimationNodeStateMachinePlayback_shlpt"]

[sub_resource type="Gradient" id="Gradient_md7p6"]
offsets = PackedFloat32Array(0.251121, 0.345291, 0.484305, 0.618834, 0.757848)
colors = PackedColorArray(0.264853, 0.115738, 0.374003, 1, 0.398074, 0.405165, 0.773843, 1, 0.327519, 0.424305, 0.763903, 1, 0.331718, 0.624834, 0.866443, 1, 0.333333, 0.701961, 0.905882, 1)

[sub_resource type="FastNoiseLite" id="FastNoiseLite_kuh6x"]
noise_type = 3
fractal_octaves = 4
fractal_lacunarity = 1.98
domain_warp_enabled = true
domain_warp_type = 1
domain_warp_amplitude = 2.239
domain_warp_frequency = 0.333
domain_warp_fractal_octaves = 2
domain_warp_fractal_lacunarity = 2.0

[sub_resource type="NoiseTexture2D" id="NoiseTexture2D_e8406"]
width = 1024
height = 1024
seamless = true
seamless_blend_skirt = 0.13
color_ramp = SubResource("Gradient_md7p6")
noise = SubResource("FastNoiseLite_kuh6x")

[sub_resource type="ShaderMaterial" id="ShaderMaterial_63kun"]
resource_local_to_scene = true
render_priority = 0
shader = ExtResource("3_v1x1n")
shader_parameter/albedo = Color(1, 1, 1, 1)
shader_parameter/specular = 0.5
shader_parameter/specular_amount = 0.5
shader_parameter/specular_smoothness = 0.05
shader_parameter/wrap = 0.227
shader_parameter/rim = 0.406
shader_parameter/rim_amount = 0.567
shader_parameter/rim_smoothness = 0.359
shader_parameter/metallic = 0.122
shader_parameter/roughness = 1.0
shader_parameter/emission = Color(0, 0, 0, 1)
shader_parameter/emission_energy = 0.0
shader_parameter/albedo_texture = SubResource("NoiseTexture2D_e8406")
shader_parameter/emission_texture = SubResource("NoiseTexture2D_e8406")

[node name="GameWindow" type="Window"]
initial_position = 1
title = "Adventure"
size = Vector2i(1280, 720)
extend_to_title = true
content_scale_size = Vector2i(1280, 720)
content_scale_aspect = 4

[node name="ViewportContainer" type="SubViewportContainer" parent="."]
anchors_preset = 15
anchor_right = 1.0
anchor_bottom = 1.0
grow_horizontal = 2
grow_vertical = 2
stretch = true

[node name="Viewport" type="SubViewport" parent="ViewportContainer"]
unique_name_in_owner = true
handle_input_locally = false
screen_space_aa = 1
size = Vector2i(1280, 720)
render_target_update_mode = 4

[node name="Level" parent="ViewportContainer/Viewport" instance=ExtResource("4_7ey7j")]

[node name="StateTree" parent="ViewportContainer/Viewport/Level" index="0"]
parameters/playback = SubResource("AnimationNodeStateMachinePlayback_shlpt")

[node name="Character" parent="ViewportContainer/Viewport/Level" index="2"]
transform = Transform3D(-0.90238, 0, -0.430941, 0, 1, 0, 0.430941, 0, -0.90238, -8.37276, 1, -3.05545)

[node name="CharacterPath" parent="ViewportContainer/Viewport/Level/FollowPaths" index="0"]
progress_ratio = 0.06
pivot = 0.25
turn_speed = 5.6

[node name="RemoteTransform" parent="ViewportContainer/Viewport/Level/FollowPaths/CharacterPath" index="0"]
transform = Transform3D(-0.90238, 0, -0.430941, 0, 1, 0, 0.430941, 0, -0.90238, -8.37276, 1, -3.05545)

[node name="PathFollow" parent="ViewportContainer/Viewport/Level/FollowPaths/CharacterPath" index="1"]
transform = Transform3D(0.33283, 0, 0.942823, 0, 0.999798, 0, -0.942823, 0, 0.33283, -8.37791, 1, -3.0639)
progress = 0.80757

[node name="LookTargetPivot" parent="ViewportContainer/Viewport/Level/FollowPaths/CharacterPath/PathFollow" index="1"]
transform = Transform3D(0.707107, 0, -0.707107, 0, 1, 0, 0.707107, 0, 0.707107, 0, 0, 0)

[node name="RemoteTransform" parent="ViewportContainer/Viewport/Level/FollowPaths/AlienPath" index="0"]
transform = Transform3D(-0.953563, 8.1136e-05, 0.301194, -4.00178e-11, 0.999999, -0.000269382, -0.301194, -0.000256872, -0.953563, 0.776115, 1.0169, -4.009)

[node name="PathFollow" parent="ViewportContainer/Viewport/Level/FollowPaths/AlienPath" index="1"]
transform = Transform3D(0.952765, 0, -0.303152, 0, 0.999828, 0, 0.303152, 0, 0.952765, 0.777695, 1.01744, -4.00001)

[node name="RemoteTransform" parent="ViewportContainer/Viewport/Level/FollowPaths/LamaPath" index="0"]
transform = Transform3D(-0.514106, 1.54983e-05, -0.857727, 3.63798e-12, 1, 1.80691e-05, 0.857727, 9.28941e-06, -0.514106, -8.15952, 1.24795, -8.26766)

[node name="PathFollow" parent="ViewportContainer/Viewport/Level/FollowPaths/LamaPath" index="1"]
transform = Transform3D(0.513596, 0, 0.85789, 0, 0.999818, 0, -0.85789, 0, 0.513596, -8.16635, 1.24791, -8.27054)

[node name="RemoteTransform" parent="ViewportContainer/Viewport/Level/FollowPaths/UfoPath" index="0"]
transform = Transform3D(-0.522546, 0.0437966, 0.851485, 0.0752076, 0.997154, -0.00513519, -0.849287, 0.0613547, -0.524353, -5.8871, 3.51369, -13.2313)

[node name="PathFollow" parent="ViewportContainer/Viewport/Level/FollowPaths/UfoPath" index="1"]
transform = Transform3D(0.38703, 0.431014, 0.814946, -0.637304, 0.76372, -0.101278, -0.666157, -0.480226, 0.570366, -10.8443, 4.28901, -19.0139)

[node name="PlayerPath" parent="ViewportContainer/Viewport/Level/FollowPaths" index="4"]
progress_ratio = 0.18
pivot = -0.15

[node name="RemoteTransform" parent="ViewportContainer/Viewport/Level/FollowPaths/PlayerPath" index="0"]
transform = Transform3D(0.599938, 0.000383725, -0.800045, 2.91038e-11, 0.999999, 0.000479628, 0.800046, -0.000287747, 0.599938, -10.0214, 2.49748, -2.3755)
remote_path = NodePath("../../../../PlayerCamera")

[node name="PathFollow" parent="ViewportContainer/Viewport/Level/FollowPaths/PlayerPath" index="1"]
transform = Transform3D(-0.175547, 0, 0.984322, 0, 0.999798, 0, -0.984322, 0, -0.175547, -10.0201, 2.49652, -2.3657)
progress = 3.18016

[node name="LookTargetPivot" parent="ViewportContainer/Viewport/Level/FollowPaths/PlayerPath/PathFollow" index="1"]
transform = Transform3D(0.891007, 0, 0.45399, 0, 1, 0, -0.45399, 0, 0.891007, 0, 0, 0)

[node name="Ufo" parent="ViewportContainer/Viewport/Level/Ground/PlanetStardust" index="0"]
transform = Transform3D(-0.522546, 0.0437966, 0.851485, 0.0752076, 0.997154, -0.00513519, -0.849287, 0.0613547, -0.524353, -5.8871, 3.51369, -13.2313)

[node name="ufo" parent="ViewportContainer/Viewport/Level/Ground/PlanetStardust/Ufo" index="3"]
transform = Transform3D(0.986388, 0.115874, 0.116671, -0.116671, 0.99317, 0, -0.115874, -0.0136121, 0.99317, 0, 0, 0)

[node name="beam" parent="ViewportContainer/Viewport/Level/Ground/PlanetStardust/Ufo/ufo" index="12"]
transform = Transform3D(0.907599, 0.415488, 0.0603277, -0.0830214, 0.0367554, 0.995874, 0.411554, -0.90886, 0.0678535, 3.8147e-06, -0.626487, -0.0626521)

[node name="Alien" parent="ViewportContainer/Viewport/Level/Ground/PlanetStardust" index="1"]
transform = Transform3D(-0.953562, 8.1122e-05, 0.30119, -4.00177e-11, 0.999827, -0.000269378, -0.301194, -0.000256828, -0.953551, 0.776115, 1.0169, -4.009)

[node name="Lama" parent="ViewportContainer/Viewport/Level/Ground/PlanetStardust" index="2"]
transform = Transform3D(-0.514106, 1.54983e-05, -0.857727, 3.63798e-12, 1, 1.80691e-05, 0.857727, 9.28941e-06, -0.514106, -8.15952, 1.24795, -8.26766)

[node name="Planet" parent="ViewportContainer/Viewport/Level" index="6"]
surface_material_override/0 = SubResource("ShaderMaterial_63kun")

[node name="PlayerCamera" type="Camera3D" parent="ViewportContainer/Viewport"]
transform = Transform3D(0.599938, 0.000383725, -0.800045, 2.91038e-11, 0.999999, 0.000479628, 0.800046, -0.000287747, 0.599938, -10.0214, 2.49748, -2.3755)

[editable path="ViewportContainer/Viewport/Level"]
[editable path="ViewportContainer/Viewport/Level/FollowPaths/CharacterPath"]
[editable path="ViewportContainer/Viewport/Level/FollowPaths/AlienPath"]
[editable path="ViewportContainer/Viewport/Level/FollowPaths/LamaPath"]
[editable path="ViewportContainer/Viewport/Level/FollowPaths/UfoPath"]
[editable path="ViewportContainer/Viewport/Level/FollowPaths/PlayerPath"]
[editable path="ViewportContainer/Viewport/Level/Ground/SpaceStation"]
[editable path="ViewportContainer/Viewport/Level/Ground/SpaceStation/Computers/Computer_01"]
[editable path="ViewportContainer/Viewport/Level/Ground/SpaceStation/Computers/Computer_01/starmap"]
[editable path="ViewportContainer/Viewport/Level/Ground/SpaceStation/Computers/Computer_02"]
[editable path="ViewportContainer/Viewport/Level/Ground/SpaceStation/Computers/Computer_02/starmap"]
[editable path="ViewportContainer/Viewport/Level/Ground/PlanetStardust/Ufo"]
[editable path="ViewportContainer/Viewport/Level/Environment"]
[editable path="ViewportContainer/Viewport/Level/Stars/Star1"]
[editable path="ViewportContainer/Viewport/Level/Stars/Star2"]
[editable path="ViewportContainer/Viewport/Level/Stars/Star3"]
[editable path="ViewportContainer/Viewport/Level/Stars/Star4"]
[editable path="ViewportContainer/Viewport/Level/Stars/Star5"]
