[gd_scene load_steps=10 format=3 uid="uid://bw70w15xhifwc"]

[ext_resource type="Script" path="res://ui/game_window.gd" id="1_b56ai"]
[ext_resource type="Shader" path="res://shaders/toon.gdshader" id="3_pturu"]
[ext_resource type="PackedScene" uid="uid://dahkxa81prn10" path="res://level/level.tscn" id="4_7ey7j"]
[ext_resource type="PackedScene" uid="uid://cq3x5n33r2d8c" path="res://characters/character/character.tscn" id="6_8i88j"]
[ext_resource type="PackedScene" uid="uid://ciaubij6uaqb8" path="res://characters/player/player.tscn" id="7_mwy2h"]
[ext_resource type="PackedScene" uid="uid://327fug3x7j7" path="res://ui/dialogue_balloon/dialogue_balloon.tscn" id="8_ixeqy"]

[sub_resource type="AnimationNodeStateMachinePlayback" id="AnimationNodeStateMachinePlayback_8wvt6"]

[sub_resource type="ShaderMaterial" id="ShaderMaterial_15lxc"]
resource_local_to_scene = true
render_priority = 0
shader = ExtResource("3_pturu")
shader_parameter/albedo = Color(1, 1, 1, 1)
shader_parameter/specular = 0.5
shader_parameter/specular_amount = 0.5
shader_parameter/specular_smoothness = 0.05
shader_parameter/wrap = 0.25
shader_parameter/rim = 0.5
shader_parameter/rim_amount = 0.2
shader_parameter/rim_smoothness = 0.05
shader_parameter/metallic = 0.0
shader_parameter/roughness = 1.0
shader_parameter/emission = Color(0, 0, 0, 1)
shader_parameter/emission_energy = 1.0

[sub_resource type="Curve3D" id="Curve3D_1ax01"]

[node name="GameWindow" type="Window"]
initial_position = 1
title = "Adventure"
size = Vector2i(1280, 720)
content_scale_size = Vector2i(1280, 720)
content_scale_mode = 1
content_scale_aspect = 1
script = ExtResource("1_b56ai")

[node name="ViewportContainer" type="SubViewportContainer" parent="."]
anchors_preset = 15
anchor_right = 1.0
anchor_bottom = 1.0
grow_horizontal = 2
grow_vertical = 2
stretch = true

[node name="Viewport" type="SubViewport" parent="ViewportContainer"]
unique_name_in_owner = true
handle_input_locally = false
size = Vector2i(1280, 720)
render_target_update_mode = 4

[node name="Level" parent="ViewportContainer/Viewport" instance=ExtResource("4_7ey7j")]
state = "stars_light"

[node name="StateTree" parent="ViewportContainer/Viewport/Level" index="0"]
parameters/playback = SubResource("AnimationNodeStateMachinePlayback_8wvt6")

[node name="Spaceship" parent="ViewportContainer/Viewport/Level" index="1"]
fuel_level = 8

[node name="Planet" parent="ViewportContainer/Viewport/Level" index="2"]
transform = Transform3D(-0.249969, 0, -0.00392246, 0, 0.25, 0, 0.00392246, 0, -0.249969, 3.72275, 28.7924, -54.9282)
surface_material_override/0 = SubResource("ShaderMaterial_15lxc")

[node name="CharacterPath" type="Path3D" parent="ViewportContainer/Viewport/Level"]
curve = SubResource("Curve3D_1ax01")

[node name="Character" parent="ViewportContainer/Viewport" instance=ExtResource("6_8i88j")]
transform = Transform3D(0.963162, 0, -0.268902, 0, 1, 0, 0.268902, 0, 0.963165, -6.33502, 2.10132, 0.0940139)
state = "sitting"
action = "talking"

[node name="Player" parent="ViewportContainer/Viewport" instance=ExtResource("7_mwy2h")]
follow_speed = 1.96
turn_speed = 2.981
distance_buffer = 3.438
distance_boost = 2.904
position_progress = 0.0

[node name="Camera3D" parent="ViewportContainer/Viewport/Player" index="0"]
transform = Transform3D(0.685038, -0.0699991, -0.725137, 8.19564e-08, 0.995373, -0.0960856, 0.728508, 0.0658222, 0.681868, -6.81052, 2.47477, 1.64349)

[node name="PositionTarget" parent="ViewportContainer/Viewport/Player/PositionPath" index="0"]
transform = Transform3D(-0.508695, -0.0253423, 0.860479, -1.86251e-09, 0.999488, 0.029436, -0.860861, 0.0149751, -0.50847, -1.42617, 0.570849, 1.60594)
progress = 0.0

[node name="ViewTarget" parent="ViewportContainer/Viewport/Player/ViewPath" index="0"]
transform = Transform3D(0.27169, -0.0336627, 0.9617, 0.0364937, 0.998938, 0.0246562, -0.961597, 0.0283998, 0.272655, 2.05276, 0.835348, 0.916285)
progress = 3.75621

[node name="DialogueBalloon" parent="ViewportContainer/Viewport" instance=ExtResource("8_ixeqy")]
unique_name_in_owner = true
visible = false
custom_minimum_size = Vector2(1280, 720)

[editable path="ViewportContainer/Viewport/Level"]
[editable path="ViewportContainer/Viewport/Level/Environment"]
[editable path="ViewportContainer/Viewport/Player"]
