[gd_scene load_steps=9 format=3 uid="uid://bw70w15xhifwc"]

[ext_resource type="Shader" path="res://shaders/toon.gdshader" id="2_dmgm8"]
[ext_resource type="PackedScene" uid="uid://dahkxa81prn10" path="res://level/level.tscn" id="4_7ey7j"]
[ext_resource type="PackedScene" uid="uid://ciaubij6uaqb8" path="res://characters/player/player.tscn" id="7_mwy2h"]

[sub_resource type="AnimationNodeStateMachinePlayback" id="AnimationNodeStateMachinePlayback_8iw2c"]

[sub_resource type="Gradient" id="Gradient_md7p6"]
offsets = PackedFloat32Array(0.251121, 0.345291, 0.484305, 0.618834, 0.757848)
colors = PackedColorArray(0.264853, 0.115738, 0.374003, 1, 0.398074, 0.405165, 0.773843, 1, 0.327519, 0.424305, 0.763903, 1, 0.331718, 0.624834, 0.866443, 1, 0.333333, 0.701961, 0.905882, 1)

[sub_resource type="FastNoiseLite" id="FastNoiseLite_kuh6x"]
noise_type = 3
fractal_octaves = 4
fractal_lacunarity = 1.98
domain_warp_enabled = true
domain_warp_type = 1
domain_warp_amplitude = 2.239
domain_warp_frequency = 0.333
domain_warp_fractal_octaves = 2
domain_warp_fractal_lacunarity = 2.0

[sub_resource type="NoiseTexture2D" id="NoiseTexture2D_e8406"]
width = 1024
height = 1024
seamless = true
seamless_blend_skirt = 0.13
color_ramp = SubResource("Gradient_md7p6")
noise = SubResource("FastNoiseLite_kuh6x")

[sub_resource type="ShaderMaterial" id="ShaderMaterial_rcjfm"]
resource_local_to_scene = true
render_priority = 0
shader = ExtResource("2_dmgm8")
shader_parameter/albedo = Color(1, 1, 1, 1)
shader_parameter/specular = 0.5
shader_parameter/specular_amount = 0.5
shader_parameter/specular_smoothness = 0.05
shader_parameter/wrap = 0.227
shader_parameter/rim = 0.406
shader_parameter/rim_amount = 0.567
shader_parameter/rim_smoothness = 0.359
shader_parameter/metallic = 0.122
shader_parameter/roughness = 1.0
shader_parameter/emission = Color(0, 0, 0, 1)
shader_parameter/emission_energy = 0.0
shader_parameter/albedo_texture = SubResource("NoiseTexture2D_e8406")
shader_parameter/emission_texture = SubResource("NoiseTexture2D_e8406")

[node name="GameWindow" type="Window"]
initial_position = 1
title = "Adventure"
size = Vector2i(1280, 720)
extend_to_title = true
content_scale_size = Vector2i(1280, 720)
content_scale_aspect = 4

[node name="ViewportContainer" type="SubViewportContainer" parent="."]
anchors_preset = 15
anchor_right = 1.0
anchor_bottom = 1.0
grow_horizontal = 2
grow_vertical = 2
stretch = true

[node name="Viewport" type="SubViewport" parent="ViewportContainer"]
unique_name_in_owner = true
handle_input_locally = false
use_taa = true
size = Vector2i(1280, 720)
render_target_update_mode = 4

[node name="Level" parent="ViewportContainer/Viewport" instance=ExtResource("4_7ey7j")]

[node name="StateTree" parent="ViewportContainer/Viewport/Level" index="0"]
parameters/playback = SubResource("AnimationNodeStateMachinePlayback_8iw2c")

[node name="PathFollow" parent="ViewportContainer/Viewport/Level/FollowPaths/AlienFollowPath" index="0"]
transform = Transform3D(-0.991445, 0, -0.129177, 0, 0.999828, 0, 0.129177, 0, -0.991445, 0.426365, -0.104939, -2.38112)

[node name="Alien" parent="ViewportContainer/Viewport/Level/PlanetStardust" index="0"]
transform = Transform3D(0.991204, 0.0221077, 0.129146, -0.0219223, 0.999584, -0.00285631, -0.129177, 0, 0.991445, 0.515349, 0.534218, -7.65852)

[node name="Planet" parent="ViewportContainer/Viewport/Level" index="7"]
surface_material_override/0 = SubResource("ShaderMaterial_rcjfm")

[node name="PathFollow3D" parent="ViewportContainer/Viewport/Level/Stars/Paths/StarPath3D4" index="0"]
transform = Transform3D(-0.970847, -0.00954424, -0.239195, 4.65626e-10, 0.999141, -0.0398658, 0.239387, -0.0387072, -0.970068, 65, 3.39002e-06, 1)

[node name="Star4" parent="ViewportContainer/Viewport/Level/Stars" index="4"]
transform = Transform3D(-0.795271, -0.580902, -0.173071, -0.556856, 0.812974, -0.169853, 0.239387, -0.0387072, -0.970068, 53.2449, 37.2825, 1)

[node name="Player" parent="ViewportContainer/Viewport" instance=ExtResource("7_mwy2h")]
follow_speed = 2.1
turn_speed = 2.981
max_distance = 2.9
view_progress = 0.0

[editable path="ViewportContainer/Viewport/Level"]
[editable path="ViewportContainer/Viewport/Level/FollowPaths/CharacterPath"]
[editable path="ViewportContainer/Viewport/Level/FollowPaths/AlienFollowPath"]
[editable path="ViewportContainer/Viewport/Level/FollowPaths/LamaFollowPath"]
[editable path="ViewportContainer/Viewport/Level/FollowPaths/UfoFollowPath"]
[editable path="ViewportContainer/Viewport/Level/SpaceStation/buildings/computer"]
[editable path="ViewportContainer/Viewport/Level/Stars/Star1"]
[editable path="ViewportContainer/Viewport/Level/Stars/Star2"]
[editable path="ViewportContainer/Viewport/Level/Stars/Star3"]
[editable path="ViewportContainer/Viewport/Level/Stars/Star4"]
[editable path="ViewportContainer/Viewport/Level/Stars/Star5"]
