[gd_scene load_steps=9 format=3 uid="uid://bw70w15xhifwc"]

[ext_resource type="Shader" path="res://level/environment/materials/planet_material.gdshader" id="2_ney6o"]
[ext_resource type="PackedScene" uid="uid://uk3s0fjb5pmh" path="res://level/level.tscn" id="4_7ey7j"]
[ext_resource type="PackedScene" uid="uid://n088b8ab4tef" path="res://ui/screen_overlay.tscn" id="4_p5m14"]

[sub_resource type="FastNoiseLite" id="FastNoiseLite_kuh6x"]
noise_type = 3
frequency = 0.006
fractal_octaves = 9
fractal_lacunarity = 2.592
fractal_gain = 0.338
fractal_weighted_strength = 1.0
domain_warp_enabled = true
domain_warp_type = 1
domain_warp_amplitude = 51.022
domain_warp_frequency = -0.008
domain_warp_fractal_lacunarity = 2.973

[sub_resource type="NoiseTexture2D" id="NoiseTexture2D_e8406"]
width = 1024
height = 1024
in_3d_space = true
seamless = true
seamless_blend_skirt = 0.511
noise = SubResource("FastNoiseLite_kuh6x")

[sub_resource type="Gradient" id="Gradient_md7p6"]
interpolation_mode = 2
offsets = PackedFloat32Array(0.246212, 0.405303, 0.509202, 0.610429, 0.665644, 0.847403, 0.899351, 0.957792)
colors = PackedColorArray(0.241235, 0.181639, 0.637774, 1, 0.265675, 0.328805, 0.670102, 1, 0.321228, 0.441731, 0.877504, 1, 0.536334, 0.586287, 1, 1, 0.623842, 0.427904, 0.857562, 1, 0.696128, 0.381502, 0.827304, 1, 0.661754, 0.516994, 0.900451, 1, 0.816009, 0.638485, 0.92737, 1)

[sub_resource type="GradientTexture1D" id="GradientTexture1D_astb8"]
gradient = SubResource("Gradient_md7p6")

[sub_resource type="ShaderMaterial" id="ShaderMaterial_a6yr4"]
resource_local_to_scene = true
render_priority = 0
shader = ExtResource("2_ney6o")
shader_parameter/specular = 0.0
shader_parameter/specular_amount = 0.0
shader_parameter/specular_smoothness = 0.05
shader_parameter/wrap = 0.171
shader_parameter/rim = 0.785
shader_parameter/rim_amount = 0.651
shader_parameter/rim_smoothness = 0.642
shader_parameter/metallic = 0.0
shader_parameter/roughness = 1.0
shader_parameter/emission_energy = 0.484
shader_parameter/albedo_texture = SubResource("NoiseTexture2D_e8406")
shader_parameter/color_gradient = SubResource("GradientTexture1D_astb8")

[node name="GameWindow" type="Window"]
title = "Adventure"
position = Vector2i(375, 36)
size = Vector2i(1280, 720)
extend_to_title = true
content_scale_size = Vector2i(1280, 720)
content_scale_aspect = 1

[node name="ViewportContainer" type="SubViewportContainer" parent="."]
texture_filter = 6
texture_repeat = 1
anchors_preset = 15
anchor_right = 1.0
anchor_bottom = 1.0
grow_horizontal = 2
grow_vertical = 2
stretch = true

[node name="Viewport" type="SubViewport" parent="ViewportContainer"]
unique_name_in_owner = true
handle_input_locally = false
audio_listener_enable_3d = true
size = Vector2i(1280, 720)
render_target_update_mode = 4

[node name="Level" parent="ViewportContainer/Viewport" instance=ExtResource("4_7ey7j")]

[node name="Character" parent="ViewportContainer/Viewport/Level" index="2"]
transform = Transform3D(0.974625, 7.72405e-05, -0.22384, -6.14818e-10, 1, 0.000345068, 0.22384, -0.000336312, 0.974626, -0.909603, 0.600691, -1.69927)

[node name="CharacterPath" parent="ViewportContainer/Viewport/Level/FollowPaths" index="0"]
progress_ratio = 1.0
pivot = 0.14

[node name="RemoteTransform" parent="ViewportContainer/Viewport/Level/FollowPaths/CharacterPath" index="0"]
transform = Transform3D(0.974625, 7.72405e-05, -0.22384, -6.14818e-10, 1, 0.000345068, 0.22384, -0.000336312, 0.974626, -0.909603, 0.600691, -1.69927)

[node name="PathFollow" parent="ViewportContainer/Viewport/Level/FollowPaths/CharacterPath" index="1"]
transform = Transform3D(0.976025, 0, 0.216894, 0, 0.999798, 0, -0.216894, 0, 0.976025, -0.9, 0.6, -1.7)
progress = 17.3165

[node name="LookTargetPivot" parent="ViewportContainer/Viewport/Level/FollowPaths/CharacterPath/PathFollow" index="1"]
transform = Transform3D(0.904827, 0, -0.425779, 0, 1, 0, 0.425779, 0, 0.904827, 0, 0, 0)

[node name="RemoteTransform" parent="ViewportContainer/Viewport/Level/FollowPaths/AlienPath" index="0"]
transform = Transform3D(-0.963976, 0.000852319, 0.265984, 5.82076e-11, 0.999995, -0.00320439, -0.265985, -0.00308896, -0.963973, 0.995202, 1.29361, -4.19556)

[node name="PathFollow" parent="ViewportContainer/Viewport/Level/FollowPaths/AlienPath" index="1"]
transform = Transform3D(-0.96337, 0, 0.267603, 0, 0.999828, 0, -0.267603, 0, -0.96337, 1, 1.3, -4.2)

[node name="RemoteTransform" parent="ViewportContainer/Viewport/Level/FollowPaths/LamaPath" index="0"]
transform = Transform3D(-0.829456, 9.3515e-05, -0.558571, -1.85537e-10, 1, 0.000167419, 0.558571, 0.000138866, -0.829457, -4.69336, 1.70155, -10.3192)

[node name="PathFollow" parent="ViewportContainer/Viewport/Level/FollowPaths/LamaPath" index="1"]
transform = Transform3D(-0.829347, 0, -0.558481, 0, 0.999818, 0, 0.558481, 0, -0.829347, -4.69748, 1.70122, -10.3254)

[node name="RemoteTransform" parent="ViewportContainer/Viewport/Level/FollowPaths/UfoPath" index="0"]
transform = Transform3D(-0.813829, 0.107236, -0.571119, 2.64495e-07, 0.982823, 0.184539, 0.581097, 0.150184, -0.799854, -4.70804, 4.8628, -10.8321)

[node name="PathFollow" parent="ViewportContainer/Viewport/Level/FollowPaths/UfoPath" index="1"]
transform = Transform3D(-0.81839, 0.024033, -0.573938, -0.100701, 0.977489, 0.184525, 0.565547, 0.208829, -0.797676, -4.71558, 4.86339, -10.8304)

[node name="PlayerPath" parent="ViewportContainer/Viewport/Level/FollowPaths" index="4"]
progress_ratio = 1.0

[node name="RemoteTransform" parent="ViewportContainer/Viewport/Level/FollowPaths/PlayerPath" index="0"]
transform = Transform3D(0.938175, -0.0421021, 0.34359, -5.58793e-09, 0.992573, 0.121627, -0.34616, -0.114107, 0.93121, 0.501433, 2.20068, -1.29038)

[node name="PathFollow" parent="ViewportContainer/Viewport/Level/FollowPaths/PlayerPath" index="1"]
transform = Transform3D(0.980414, 0, 0.196083, 0, 0.999798, 0, -0.196083, 0, 0.980414, 0.5, 2.2, -1.3)
progress = 16.6667

[node name="LamaLost" parent="ViewportContainer/Viewport/Level/Ground/PlanetStardust" index="0"]
transform = Transform3D(-0.829456, 9.3515e-05, -0.558571, -1.85537e-10, 1, 0.000167419, 0.558571, 0.000138866, -0.829457, -4.69336, 1.70155, -10.3192)

[node name="lama" parent="ViewportContainer/Viewport/Level/Ground/PlanetStardust/LamaLost" index="2"]
transform = Transform3D(-3.61999e-06, 0, -1, 0, 1, 0, 1, 0, -3.61999e-06, 0, 0.1875, -0.359375)

[node name="neck" parent="ViewportContainer/Viewport/Level/Ground/PlanetStardust/LamaLost/lama" index="0"]
transform = Transform3D(1, 0, 0, 0, 1, 0, 0, 0, 1, 0.0625, 0.375, 0.015625)

[node name="head" parent="ViewportContainer/Viewport/Level/Ground/PlanetStardust/LamaLost/lama/neck" index="0"]
transform = Transform3D(1, 0, 0, 0, 1, 0, 0, 0, 1, 0.00781253, 0.601564, -1.49012e-08)

[node name="ear_right" parent="ViewportContainer/Viewport/Level/Ground/PlanetStardust/LamaLost/lama/neck/head" index="0"]
transform = Transform3D(0.866025, -0.5, 0, 0.5, 0.866025, 0, 0, 0, 1, 0.015625, 0.171875, -0.0703125)

[node name="ear_left" parent="ViewportContainer/Viewport/Level/Ground/PlanetStardust/LamaLost/lama/neck/head" index="1"]
transform = Transform3D(0.866023, -0.500004, 0, 0.500003, 0.866024, 1.22465e-16, 6.12329e-17, 1.06058e-16, -1, 0.015625, 0.171875, 0.0546875)

[node name="leg_front_left" parent="ViewportContainer/Viewport/Level/Ground/PlanetStardust/LamaLost/lama" index="3"]
transform = Transform3D(-1, 1.22465e-16, -2.53518e-06, 1.22465e-16, 1, 1.22465e-16, 2.53518e-06, 1.22465e-16, -1, 0.170001, 0.25, 0.11989)

[node name="leg_back_left" parent="ViewportContainer/Viewport/Level/Ground/PlanetStardust/LamaLost/lama" index="4"]
transform = Transform3D(-1, 1.22465e-16, -2.53518e-06, 1.22465e-16, 1, 1.22465e-16, 2.53518e-06, 1.22465e-16, -1, 0.59375, 0.25, 0.132813)

[node name="Ufo" parent="ViewportContainer/Viewport/Level/Ground/PlanetStardust" index="1"]
transform = Transform3D(-0.813829, 0.107236, -0.571119, 2.64495e-07, 0.982823, 0.184539, 0.581097, 0.150184, -0.799854, -4.70804, 4.8628, -10.8321)

[node name="Alien" parent="ViewportContainer/Viewport/Level/Ground/PlanetStardust" index="2"]
transform = Transform3D(-0.963946, 0.000852068, 0.26593, 5.82057e-11, 0.999701, -0.00320375, -0.265976, -0.00308805, -0.963781, 0.995202, 1.29361, -4.19556)

[node name="Planet" parent="ViewportContainer/Viewport/Level/Environment/PlanetPivot" index="0"]
surface_material_override/0 = SubResource("ShaderMaterial_a6yr4")

[node name="PathFollow3D" parent="ViewportContainer/Viewport/Level/Environment/Stars/Paths/StarPath3D1" index="0"]
transform = Transform3D(-0.535377, 0.524714, -0.661645, 0.828543, 0.175066, -0.531594, -0.163125, -0.832922, -0.528547, 0, -1.49012e-08, 0)

[node name="PathFollow3D" parent="ViewportContainer/Viewport/Level/Environment/Stars/Paths/StarPath3D2" index="0"]
transform = Transform3D(-0.535389, 0.524724, -0.661665, 0.828561, 0.175069, -0.53161, -0.163129, -0.832938, -0.528562, 0, -1.49012e-08, 0)

[node name="PathFollow3D" parent="ViewportContainer/Viewport/Level/Environment/Stars/Paths/StarPath3D3" index="0"]
transform = Transform3D(-0.535393, 0.524732, -0.661663, 0.828567, 0.175072, -0.531609, -0.16313, -0.832951, -0.528561, 0, -1.49012e-08, 0)

[node name="PathFollow3D" parent="ViewportContainer/Viewport/Level/Environment/Stars/Paths/StarPath3D4" index="0"]
transform = Transform3D(-0.535395, 0.524729, -0.661663, 0.828571, 0.175071, -0.531609, -0.163131, -0.832946, -0.528561, 0, -1.49012e-08, 0)

[node name="PathFollow3D" parent="ViewportContainer/Viewport/Level/Environment/Stars/Paths/StarPath3D5" index="0"]
transform = Transform3D(-0.53537, 0.524698, -0.661639, 0.828532, 0.17506, -0.53159, -0.163123, -0.832897, -0.528542, 0, -1.49012e-08, 0)

[node name="PathFollow3D" parent="ViewportContainer/Viewport/Level/Environment/Stars/Paths/StarPath3D6" index="0"]
transform = Transform3D(-0.535384, 0.524715, -0.661649, 0.828554, 0.175066, -0.531598, -0.163127, -0.832924, -0.52855, 0, -1.49012e-08, 0)

[node name="PathFollow3D" parent="ViewportContainer/Viewport/Level/Environment/Stars/Paths/StarPath3D7" index="0"]
transform = Transform3D(-0.535393, 0.524724, -0.661668, 0.828568, 0.175069, -0.531613, -0.16313, -0.832937, -0.528565, 0, -1.49012e-08, 0)

[node name="PathFollow3D" parent="ViewportContainer/Viewport/Level/Environment/Stars/Paths/StarPath3D8" index="0"]
transform = Transform3D(-0.535393, 0.524732, -0.661664, 0.828567, 0.175072, -0.531609, -0.16313, -0.832951, -0.528562, 0, -1.49012e-08, 0)

[node name="PathFollow3D" parent="ViewportContainer/Viewport/Level/Environment/Stars/Paths/StarPath3D9" index="0"]
transform = Transform3D(-0.535393, 0.524727, -0.661662, 0.828568, 0.17507, -0.531608, -0.16313, -0.832943, -0.52856, 0, -1.49012e-08, 0)

[node name="PathFollow3D" parent="ViewportContainer/Viewport/Level/Environment/Stars/Paths/StarPath3D10" index="0"]
transform = Transform3D(-0.535371, 0.524699, -0.661639, 0.828534, 0.175061, -0.53159, -0.163123, -0.832899, -0.528542, 0, -1.49012e-08, 0)

[node name="PathFollow3D" parent="ViewportContainer/Viewport/Level/Environment/Stars/Paths/StarPath3D11" index="0"]
transform = Transform3D(-0.535393, 0.52473, -0.661662, 0.828568, 0.175071, -0.531608, -0.16313, -0.832947, -0.528561, 0, -1.49012e-08, 0)

[node name="PathFollow3D" parent="ViewportContainer/Viewport/Level/Environment/Stars/Paths/StarPath3D12" index="0"]
transform = Transform3D(-0.533093, 0.545914, -0.646132, 0.830368, 0.192162, -0.522745, -0.161236, -0.815315, -0.55584, -3.3649, -2.71234, -2.78691)

[node name="Star1" parent="ViewportContainer/Viewport/Level/Environment/Stars" index="1"]
transform = Transform3D(0.127875, -0.5243, 0.841864, -0.761443, 0.491956, 0.422049, -0.635427, -0.695031, -0.33633, -6.65038, -5.34938, -12.8124)

[node name="Star2" parent="ViewportContainer/Viewport/Level/Environment/Stars" index="2"]
transform = Transform3D(-0.60012, -0.308914, 0.73784, -0.575291, 0.80757, -0.129785, -0.555785, -0.502356, -0.662357, -5.23557, -5.75695, -13.0568)

[node name="Star3" parent="ViewportContainer/Viewport/Level/Environment/Stars" index="3"]
transform = Transform3D(-0.980241, 0.144218, 0.135295, 0.0656299, 0.882669, -0.465366, -0.186538, -0.447303, -0.874692, 5.62679, 1.69975, -20.651)

[node name="Star4" parent="ViewportContainer/Viewport/Level/Environment/Stars" index="4"]
transform = Transform3D(-0.589912, 0.536544, -0.603422, 0.772205, 0.59328, -0.227397, 0.235989, -0.600114, -0.764308, 0.741469, -1.65276, -17.4621)

[node name="Star5" parent="ViewportContainer/Viewport/Level/Environment/Stars" index="5"]
transform = Transform3D(0.136054, -0.724952, 0.675213, -0.962152, 0.0657357, 0.26445, -0.236103, -0.685635, -0.688577, 0.741468, 6.35766, -14.6862)

[node name="Star6" parent="ViewportContainer/Viewport/Level/Environment/Stars" index="6"]
transform = Transform3D(-0.45017, 0.346996, -0.822755, 0.892057, 0.133911, -0.431611, -0.0395917, -0.928251, -0.369824, 0.741468, -0.0969272, -13.6987)

[node name="Star7" parent="ViewportContainer/Viewport/Level/Environment/Stars" index="7"]
transform = Transform3D(0.395149, 0.460149, -0.795047, 0.910707, -0.30957, 0.273453, -0.120297, -0.832112, -0.541385, 0.741469, 8.44865, -21.0107)

[node name="Star8" parent="ViewportContainer/Viewport/Level/Environment/Stars" index="8"]
transform = Transform3D(0.94894, 0.0452153, -0.312187, 0.290283, -0.51252, 0.808107, -0.123465, -0.85748, -0.499472, 0.741469, -0.429941, -16.7288)

[node name="Star9" parent="ViewportContainer/Viewport/Level/Environment/Stars" index="9"]
transform = Transform3D(0.778806, -0.416945, 0.468618, -0.603562, -0.294759, 0.740821, -0.170753, -0.859803, -0.481216, 0.74147, 0.784144, -19.1417)

[node name="Star10" parent="ViewportContainer/Viewport/Level/Environment/Stars" index="10"]
transform = Transform3D(0.140379, 0.538023, -0.831149, 0.925637, 0.226628, 0.303039, 0.35141, -0.811879, -0.466202, 0.741467, -9.65443, -17.0918)

[node name="Star11" parent="ViewportContainer/Viewport/Level/Environment/Stars" index="11"]
transform = Transform3D(-0.932578, -0.24818, 0.262109, -0.34874, 0.806855, -0.476814, -0.0931505, -0.53608, -0.838999, 0.74147, -0.944901, -18.2246)

[node name="Star12" parent="ViewportContainer/Viewport/Level/Environment/Stars" index="12"]
transform = Transform3D(-0.915838, 0.161532, -0.367611, 0.355197, 0.752869, -0.55407, 0.187269, -0.638011, -0.746888, 1.32344, -5.38751, -18.4016)

[node name="PlayerCamera" parent="ViewportContainer/Viewport/Level" index="7"]
transform = Transform3D(0.938175, -0.0421021, 0.34359, -5.58793e-09, 0.992573, 0.121627, -0.34616, -0.114107, 0.93121, 0.501433, 2.20068, -1.29038)

[node name="ScreenOverlay" parent="." instance=ExtResource("4_p5m14")]

[editable path="ViewportContainer/Viewport/Level"]
[editable path="ViewportContainer/Viewport/Level/FollowPaths/CharacterPath"]
[editable path="ViewportContainer/Viewport/Level/FollowPaths/AlienPath"]
[editable path="ViewportContainer/Viewport/Level/FollowPaths/LamaPath"]
[editable path="ViewportContainer/Viewport/Level/FollowPaths/UfoPath"]
[editable path="ViewportContainer/Viewport/Level/FollowPaths/PlayerPath"]
[editable path="ViewportContainer/Viewport/Level/Ground/Station/Computers/Computer_01"]
[editable path="ViewportContainer/Viewport/Level/Ground/Station/Computers/Computer_03"]
[editable path="ViewportContainer/Viewport/Level/Ground/Station/Computers/Computer_04"]
[editable path="ViewportContainer/Viewport/Level/Ground/Station/Computers/Computer_05"]
[editable path="ViewportContainer/Viewport/Level/Ground/PlanetStardust/LamaLost"]
[editable path="ViewportContainer/Viewport/Level/Environment"]
[editable path="ViewportContainer/Viewport/Level/Environment/Stars"]
