[gd_scene load_steps=10 format=3 uid="uid://bw70w15xhifwc"]

[ext_resource type="Shader" path="res://level/environment/materials/planet_material.gdshader" id="2_gujbd"]
[ext_resource type="PackedScene" uid="uid://uk3s0fjb5pmh" path="res://level/level.tscn" id="4_7ey7j"]
[ext_resource type="PackedScene" uid="uid://n088b8ab4tef" path="res://ui/screen_overlay.tscn" id="4_p5m14"]

[sub_resource type="AnimationNodeStateMachinePlayback" id="AnimationNodeStateMachinePlayback_wyxcb"]

[sub_resource type="FastNoiseLite" id="FastNoiseLite_kuh6x"]
noise_type = 3
frequency = 0.0055
fractal_octaves = 9
fractal_lacunarity = 2.592
fractal_gain = 0.338
fractal_weighted_strength = 1.0
domain_warp_enabled = true
domain_warp_type = 1
domain_warp_amplitude = 51.022
domain_warp_frequency = -0.008
domain_warp_fractal_lacunarity = 2.973

[sub_resource type="NoiseTexture2D" id="NoiseTexture2D_e8406"]
width = 1024
height = 1024
in_3d_space = true
seamless = true
seamless_blend_skirt = 0.582
noise = SubResource("FastNoiseLite_kuh6x")

[sub_resource type="Gradient" id="Gradient_md7p6"]
interpolation_mode = 2
offsets = PackedFloat32Array(0.246212, 0.405303, 0.575758, 0.643939, 0.720779, 0.847403, 0.883117, 0.899351, 0.957792)
colors = PackedColorArray(0.241235, 0.181639, 0.637774, 1, 0.265675, 0.328805, 0.670102, 1, 0.358184, 0.457245, 0.795857, 1, 0.55206, 0.609156, 0.918864, 1, 0.62316, 0.499455, 0.70292, 1, 0.624484, 0.462869, 0.723787, 1, 0.623842, 0.427904, 0.857562, 1, 0.661754, 0.516994, 0.900451, 1, 0.816009, 0.638485, 0.92737, 1)

[sub_resource type="GradientTexture1D" id="GradientTexture1D_astb8"]
gradient = SubResource("Gradient_md7p6")

[sub_resource type="ShaderMaterial" id="ShaderMaterial_qfsbg"]
resource_local_to_scene = true
render_priority = 0
shader = ExtResource("2_gujbd")
shader_parameter/specular = 0.5
shader_parameter/specular_amount = 0.5
shader_parameter/specular_smoothness = 0.05
shader_parameter/wrap = 0.171
shader_parameter/rim = 0.727
shader_parameter/rim_amount = 0.651
shader_parameter/rim_smoothness = 1.0
shader_parameter/metallic = 0.0
shader_parameter/roughness = 0.608
shader_parameter/emission_energy = 0.265
shader_parameter/albedo_texture = SubResource("NoiseTexture2D_e8406")
shader_parameter/color_gradient = SubResource("GradientTexture1D_astb8")

[node name="GameWindow" type="Window"]
initial_position = 1
title = "Adventure"
size = Vector2i(1280, 720)
extend_to_title = true
content_scale_size = Vector2i(1280, 720)
content_scale_aspect = 4

[node name="ViewportContainer" type="SubViewportContainer" parent="."]
texture_filter = 6
texture_repeat = 1
anchors_preset = 15
anchor_right = 1.0
anchor_bottom = 1.0
grow_horizontal = 2
grow_vertical = 2
stretch = true

[node name="Viewport" type="SubViewport" parent="ViewportContainer"]
unique_name_in_owner = true
handle_input_locally = false
screen_space_aa = 1
use_taa = true
use_debanding = true
use_occlusion_culling = true
audio_listener_enable_3d = true
size = Vector2i(1280, 720)
render_target_update_mode = 4

[node name="Level" parent="ViewportContainer/Viewport" instance=ExtResource("4_7ey7j")]

[node name="StateTree" parent="ViewportContainer/Viewport/Level" index="0"]
parameters/playback = SubResource("AnimationNodeStateMachinePlayback_wyxcb")

[node name="Character" parent="ViewportContainer/Viewport/Level" index="2"]
transform = Transform3D(0.751306, 0.0469536, -0.658281, 1.30385e-08, 0.997466, 0.0711469, 0.659953, -0.0534531, 0.749402, -0.897282, 0.603001, -1.69387)

[node name="Spaceship" parent="ViewportContainer/Viewport/Level" index="3"]
transform = Transform3D(1, 0, 0, 0, 1, 0, 0, 0, 1, 0, 0.034845, 0)
door_open = false
siren_active = true
light_level = 1.0

[node name="SpaceshipAudio" parent="ViewportContainer/Viewport/Level/Spaceship" index="4"]
volume_db = -30.802

[node name="CharacterPath" parent="ViewportContainer/Viewport/Level/FollowPaths" index="0"]
visible = true
progress_ratio = 1.0
pivot = 0.3
tilt = -0.2

[node name="RemoteTransform" parent="ViewportContainer/Viewport/Level/FollowPaths/CharacterPath" index="0"]
transform = Transform3D(0.751306, 0.0469536, -0.658281, 1.30385e-08, 0.997466, 0.0711469, 0.659953, -0.0534531, 0.749402, -0.897282, 0.603001, -1.69387)

[node name="PathFollow" parent="ViewportContainer/Viewport/Level/FollowPaths/CharacterPath" index="1"]
transform = Transform3D(-0.976034, 0, -0.216896, 0, 0.999798, 0, 0.216896, 0, -0.976034, -0.9, 0.6, -1.7)
progress = 17.3165

[node name="LookTargetPivot" parent="ViewportContainer/Viewport/Level/FollowPaths/CharacterPath/PathFollow" index="1"]
transform = Transform3D(0.587786, 0, -0.809017, 0, 1, 0, 0.809017, 0, 0.587786, 0, 0, 0)

[node name="LookTargetTilt" parent="ViewportContainer/Viewport/Level/FollowPaths/CharacterPath/PathFollow/LookTargetPivot" index="0"]
transform = Transform3D(1, 0, 0, 0, 0.997564, -0.0697565, 0, 0.0697565, 0.997564, 0, 0, 0)

[node name="AlienPath" parent="ViewportContainer/Viewport/Level/FollowPaths" index="1"]
visible = true
progress_ratio = 0.31

[node name="RemoteTransform" parent="ViewportContainer/Viewport/Level/FollowPaths/AlienPath" index="0"]
transform = Transform3D(-0.484053, -5.5261e-05, 0.875039, 1.45519e-11, 1, 6.31526e-05, -0.875039, 3.05692e-05, -0.484053, 4.91362, 1.26479, -8.0086)

[node name="PathFollow" parent="ViewportContainer/Viewport/Level/FollowPaths/AlienPath" index="1"]
transform = Transform3D(0.484134, 0, -0.874831, 0, 0.999828, 0, 0.874831, 0, 0.484134, 4.90746, 1.26466, -8.00558)
progress = 2.50357

[node name="LamaPath" parent="ViewportContainer/Viewport/Level/FollowPaths" index="2"]
progress_ratio = 0.84

[node name="RemoteTransform" parent="ViewportContainer/Viewport/Level/FollowPaths/LamaPath" index="0"]
transform = Transform3D(-0.823902, 0.000109835, -0.566731, 1.09139e-11, 1, 0.000193804, 0.566731, 0.000159676, -0.823902, -4.76481, 1.6757, -10.4685)

[node name="PathFollow" parent="ViewportContainer/Viewport/Level/FollowPaths/LamaPath" index="1"]
transform = Transform3D(0.823888, 0, 0.566521, 0, 0.999818, 0, -0.566521, 0, 0.823888, -4.7691, 1.67532, -10.4753)
progress = 38.3917

[node name="UfoPath" parent="ViewportContainer/Viewport/Level/FollowPaths" index="3"]
progress_ratio = 0.91

[node name="RemoteTransform" parent="ViewportContainer/Viewport/Level/FollowPaths/UfoPath" index="0"]
transform = Transform3D(-0.764661, -0.137185, -0.629661, -1.3411e-07, 0.977078, -0.212878, 0.644432, -0.162779, -0.747134, -3.11027, 5.24305, -8.33448)

[node name="PathFollow" parent="ViewportContainer/Viewport/Level/FollowPaths/UfoPath" index="1"]
transform = Transform3D(0.746693, 0.213947, 0.629617, -0.430917, 0.876684, 0.213118, -0.506465, -0.430484, 0.746931, -3.1052, 5.24426, -8.32817)
progress = 41.2087

[node name="PlayerPath" parent="ViewportContainer/Viewport/Level/FollowPaths" index="4"]
visible = true
progress_ratio = 1.0
pivot = -0.05
tilt = -0.1
turn_speed = 2.6

[node name="RemoteTransform" parent="ViewportContainer/Viewport/Level/FollowPaths/PlayerPath" index="0"]
transform = Transform3D(0.938085, -0.0118213, 0.346203, 7.91624e-09, 0.999417, 0.0341256, -0.346405, -0.0320127, 0.937538, 0.501011, 2.19869, -1.293)
remote_path = NodePath("../../../../PlayerCamera")

[node name="PathFollow" parent="ViewportContainer/Viewport/Level/FollowPaths/PlayerPath" index="1"]
transform = Transform3D(-0.980425, 0, -0.196085, 0, 0.999798, 0, 0.196085, 0, -0.980425, 0.5, 2.2, -1.3)
progress = 16.7262

[node name="LookTargetPivot" parent="ViewportContainer/Viewport/Level/FollowPaths/PlayerPath/PathFollow" index="1"]
transform = Transform3D(0.987688, 0, 0.156434, 0, 1, 0, -0.156434, 0, 0.987688, 0, 0, 0)

[node name="LookTargetTilt" parent="ViewportContainer/Viewport/Level/FollowPaths/PlayerPath/PathFollow/LookTargetPivot" index="0"]
transform = Transform3D(1, 0, 0, 0, 0.999391, -0.0348995, 0, 0.0348995, 0.999391, 0, 0, 0)

[node name="Ufo" parent="ViewportContainer/Viewport/Level/Ground/PlanetStardust" index="0"]
transform = Transform3D(-0.764661, -0.137185, -0.629661, -1.3411e-07, 0.977078, -0.212878, 0.644432, -0.162779, -0.747134, -3.11027, 5.24305, -8.33448)
beam_length = 0.6

[node name="BeamTransformTarget" parent="ViewportContainer/Viewport/Level/Ground/PlanetStardust/Ufo" index="2"]
transform = Transform3D(0.995812, 0.00578985, 0.0930763, -0.0203517, 0.987702, 0.156303, -0.0910088, -0.157521, 0.983487, -0.110071, -2.94836, 3.40371)

[node name="ufo" parent="ViewportContainer/Viewport/Level/Ground/PlanetStardust/Ufo" index="3"]
transform = Transform3D(0.986388, 0.115874, 0.116671, -0.116671, 0.99317, 0, -0.115874, -0.013612, 0.99317, 0, 0, 0)

[node name="EngineSounds" parent="ViewportContainer/Viewport/Level/Ground/PlanetStardust/Ufo/ufo" index="0"]
volume_db = -17.079
unit_size = 16.74
pitch_scale = 0.98

[node name="ring_light" parent="ViewportContainer/Viewport/Level/Ground/PlanetStardust/Ufo/ufo" index="4"]
transform = Transform3D(1, 0, 0, 0, 1, 0, 0, 0, 1, 0, 0, 0)

[node name="beam" parent="ViewportContainer/Viewport/Level/Ground/PlanetStardust/Ufo/ufo" index="5"]
transform = Transform3D(0.605155, 0.794789, 0.0457934, 0.661083, -0.533737, 0.527347, 0.44357, -0.288854, -0.848416, -6.1512e-05, -0.802076, -6.00815e-05)

[node name="Alien" parent="ViewportContainer/Viewport/Level/Ground/PlanetStardust" index="1"]
transform = Transform3D(-0.484003, -5.52445e-05, 0.874893, 1.45504e-11, 0.999702, 6.31421e-05, -0.874947, 3.05601e-05, -0.483973, 4.91362, 1.26479, -8.0086)

[node name="Lama" parent="ViewportContainer/Viewport/Level/Ground/PlanetStardust" index="2"]
transform = Transform3D(-0.823902, 0.000109835, -0.566731, 1.09139e-11, 1, 0.000193804, 0.566731, 0.000159676, -0.823902, -4.76481, 1.6757, -10.4685)

[node name="Planet" parent="ViewportContainer/Viewport/Level" index="6"]
transform = Transform3D(-0.249969, 1.39698e-09, -0.00392246, 0.0027736, 0.176777, -0.176755, 0.0027736, -0.176777, -0.176755, 3.72275, 28.7924, -54.9282)
surface_material_override/0 = SubResource("ShaderMaterial_qfsbg")

[node name="Atmosphere" parent="ViewportContainer/Viewport/Level/Environment/Ground" index="1"]
transform = Transform3D(1, 0, 0, 0, 1, 0, 0, 0, 1, 0, 30.0278, 0.164101)

[node name="PlayerCamera" type="Camera3D" parent="ViewportContainer/Viewport"]
unique_name_in_owner = true
transform = Transform3D(0.938085, -0.0118213, 0.346203, 7.91624e-09, 0.999417, 0.0341256, -0.346405, -0.0320127, 0.937538, 0.501011, 2.19869, -1.293)
fov = 65.5

[node name="ScreenOverlay" parent="." instance=ExtResource("4_p5m14")]

[editable path="ViewportContainer/Viewport/Level"]
[editable path="ViewportContainer/Viewport/Level/FollowPaths/CharacterPath"]
[editable path="ViewportContainer/Viewport/Level/FollowPaths/AlienPath"]
[editable path="ViewportContainer/Viewport/Level/FollowPaths/LamaPath"]
[editable path="ViewportContainer/Viewport/Level/FollowPaths/UfoPath"]
[editable path="ViewportContainer/Viewport/Level/FollowPaths/PlayerPath"]
[editable path="ViewportContainer/Viewport/Level/Ground/Station/Computers/Computer_01"]
[editable path="ViewportContainer/Viewport/Level/Ground/Station/Computers/Computer_03"]
[editable path="ViewportContainer/Viewport/Level/Ground/Station/Computers/Computer_04"]
[editable path="ViewportContainer/Viewport/Level/Ground/Station/Computers/Computer_05"]
[editable path="ViewportContainer/Viewport/Level/Ground/PlanetStardust/Ufo"]
[editable path="ViewportContainer/Viewport/Level/Environment"]
