[gd_scene load_steps=11 format=3 uid="uid://bw70w15xhifwc"]

[ext_resource type="Script" path="res://ui/game_window.gd" id="1_ky7hr"]
[ext_resource type="Shader" path="res://shaders/toon.gdshader" id="3_v1x1n"]
[ext_resource type="PackedScene" uid="uid://uk3s0fjb5pmh" path="res://level/level.tscn" id="4_7ey7j"]
[ext_resource type="PackedScene" uid="uid://bi2ttsoa7h87g" path="res://components/remote_follow_path.tscn" id="4_qyilq"]
[ext_resource type="Curve3D" uid="uid://bnnm33024rtvp" path="res://characters/player/player_position_path.tres" id="5_uw7ls"]

[sub_resource type="AnimationNodeStateMachinePlayback" id="AnimationNodeStateMachinePlayback_shlpt"]

[sub_resource type="Gradient" id="Gradient_md7p6"]
offsets = PackedFloat32Array(0.251121, 0.345291, 0.484305, 0.618834, 0.757848)
colors = PackedColorArray(0.264853, 0.115738, 0.374003, 1, 0.398074, 0.405165, 0.773843, 1, 0.327519, 0.424305, 0.763903, 1, 0.331718, 0.624834, 0.866443, 1, 0.333333, 0.701961, 0.905882, 1)

[sub_resource type="FastNoiseLite" id="FastNoiseLite_kuh6x"]
noise_type = 3
fractal_octaves = 4
fractal_lacunarity = 1.98
domain_warp_enabled = true
domain_warp_type = 1
domain_warp_amplitude = 2.239
domain_warp_frequency = 0.333
domain_warp_fractal_octaves = 2
domain_warp_fractal_lacunarity = 2.0

[sub_resource type="NoiseTexture2D" id="NoiseTexture2D_e8406"]
width = 1024
height = 1024
seamless = true
seamless_blend_skirt = 0.13
color_ramp = SubResource("Gradient_md7p6")
noise = SubResource("FastNoiseLite_kuh6x")

[sub_resource type="ShaderMaterial" id="ShaderMaterial_63kun"]
resource_local_to_scene = true
render_priority = 0
shader = ExtResource("3_v1x1n")
shader_parameter/albedo = Color(1, 1, 1, 1)
shader_parameter/specular = 0.5
shader_parameter/specular_amount = 0.5
shader_parameter/specular_smoothness = 0.05
shader_parameter/wrap = 0.227
shader_parameter/rim = 0.406
shader_parameter/rim_amount = 0.567
shader_parameter/rim_smoothness = 0.359
shader_parameter/metallic = 0.122
shader_parameter/roughness = 1.0
shader_parameter/emission = Color(0, 0, 0, 1)
shader_parameter/emission_energy = 0.0
shader_parameter/albedo_texture = SubResource("NoiseTexture2D_e8406")
shader_parameter/emission_texture = SubResource("NoiseTexture2D_e8406")

[node name="GameWindow" type="Window"]
initial_position = 1
title = "Adventure"
size = Vector2i(1280, 720)
extend_to_title = true
content_scale_size = Vector2i(1280, 720)
content_scale_aspect = 4
script = ExtResource("1_ky7hr")

[node name="ViewportContainer" type="SubViewportContainer" parent="."]
anchors_preset = 15
anchor_right = 1.0
anchor_bottom = 1.0
grow_horizontal = 2
grow_vertical = 2
stretch = true

[node name="Viewport" type="SubViewport" parent="ViewportContainer"]
unique_name_in_owner = true
handle_input_locally = false
use_taa = true
size = Vector2i(1280, 720)
render_target_update_mode = 4

[node name="Level" parent="ViewportContainer/Viewport" instance=ExtResource("4_7ey7j")]

[node name="StateTree" parent="ViewportContainer/Viewport/Level" index="0"]
parameters/playback = SubResource("AnimationNodeStateMachinePlayback_shlpt")

[node name="Character" parent="ViewportContainer/Viewport/Level" index="2"]
transform = Transform3D(-0.882737, 2.26561e-05, 0.469868, -7.27596e-12, 1, -4.82181e-05, -0.469868, -4.25639e-05, -0.882737, -6.38585, 1.02356, -3.91875)

[node name="CharacterPath" parent="ViewportContainer/Viewport/Level/FollowPaths" index="0"]
progress = 0.0
progress_ratio = 0.0

[node name="RemoteTransform" parent="ViewportContainer/Viewport/Level/FollowPaths/CharacterPath" index="0"]
transform = Transform3D(-0.882737, 2.26561e-05, 0.469868, -7.27596e-12, 1, -4.82181e-05, -0.469868, -4.25639e-05, -0.882737, -6.38585, 1.02356, -3.91875)

[node name="PathFollow" parent="ViewportContainer/Viewport/Level/FollowPaths/CharacterPath" index="1"]
transform = Transform3D(0.884271, 0, -0.46666, 0, 0.999798, 0, 0.46666, 0, 0.884271, -6.38882, 1.02366, -3.92829)
progress = 0.0

[node name="RemoteTransform" parent="ViewportContainer/Viewport/Level/FollowPaths/AlienFollowPath" index="0"]
transform = Transform3D(-0.978275, 0.0178623, -0.206538, -0.0216364, 0.982042, 0.187413, 0.206177, 0.18781, -0.960322, 0.57299, 0.947127, -5.16715)

[node name="RemoteTransform" parent="ViewportContainer/Viewport/Level/FollowPaths/LamaFollowPath" index="0"]
transform = Transform3D(-0.924626, -0.0865392, 0.370911, -0.0204499, 0.98372, 0.178538, -0.380323, 0.157496, -0.911344, -1.0923, 1.28593, -5.28451)

[node name="PathFollow" parent="ViewportContainer/Viewport/Level/FollowPaths/UfoFollowPath" index="1"]
transform = Transform3D(-0.510022, -0.100373, -0.854117, -0.0253624, 0.994319, -0.101711, 0.859621, -0.0302156, -0.509758, -15.1745, -0.594231, -8.8771)

[node name="SpaceStation" parent="ViewportContainer/Viewport/Level" index="5"]
transform = Transform3D(1, 0, 0, 0, 1, 0, 0, 0, 1, 0, 0, 0)

[node name="Planet" parent="ViewportContainer/Viewport/Level" index="7"]
surface_material_override/0 = SubResource("ShaderMaterial_63kun")

[node name="PlayerFollowPath" parent="ViewportContainer/Viewport" instance=ExtResource("4_qyilq")]
unique_name_in_owner = true
transform = Transform3D(1, 0, 0, 0, 1, 0, 0, 0, 1, -0.00428772, 0.00323153, -0.0330032)
curve = ExtResource("5_uw7ls")
progress_ratio = 1.0
follow_speed = 1.8

[node name="RemoteTransform" parent="ViewportContainer/Viewport/PlayerFollowPath" index="0"]
transform = Transform3D(0.999387, -6.02284e-05, 0.0350112, -1.08876e-07, 0.999998, 0.00172336, -0.0350113, -0.00172231, 0.999385, 0.5818, 2.09812, -1.5017)
remote_path = NodePath("../../PlayerCamera")
use_global_coordinates = true

[node name="PathFollow" parent="ViewportContainer/Viewport/PlayerFollowPath" index="1"]
transform = Transform3D(-0.999164, 0, -0.0366192, 0, 0.999798, 0, 0.0366192, 0, -0.999164, 0.586088, 2.09489, -1.4687)
progress = 14.3451

[node name="PlayerCamera" type="Camera3D" parent="ViewportContainer/Viewport"]
transform = Transform3D(0.999387, -6.02284e-05, 0.0350112, -1.08876e-07, 0.999998, 0.00172336, -0.0350113, -0.00172231, 0.999385, 0.577513, 2.10135, -1.53471)

[editable path="ViewportContainer/Viewport/Level"]
[editable path="ViewportContainer/Viewport/Level/FollowPaths/CharacterPath"]
[editable path="ViewportContainer/Viewport/Level/FollowPaths/AlienFollowPath"]
[editable path="ViewportContainer/Viewport/Level/FollowPaths/LamaFollowPath"]
[editable path="ViewportContainer/Viewport/Level/FollowPaths/UfoFollowPath"]
[editable path="ViewportContainer/Viewport/Level/Stars/Star1"]
[editable path="ViewportContainer/Viewport/Level/Stars/Star2"]
[editable path="ViewportContainer/Viewport/Level/Stars/Star3"]
[editable path="ViewportContainer/Viewport/Level/Stars/Star4"]
[editable path="ViewportContainer/Viewport/Level/Stars/Star5"]
[editable path="ViewportContainer/Viewport/PlayerFollowPath"]
