[gd_scene load_steps=10 format=3 uid="uid://bw70w15xhifwc"]

[ext_resource type="Shader" path="res://level/environment/materials/planet_material.gdshader" id="2_gujbd"]
[ext_resource type="PackedScene" uid="uid://uk3s0fjb5pmh" path="res://level/level.tscn" id="4_7ey7j"]
[ext_resource type="PackedScene" uid="uid://n088b8ab4tef" path="res://ui/screen_overlay.tscn" id="4_p5m14"]

[sub_resource type="AnimationNodeStateMachinePlayback" id="AnimationNodeStateMachinePlayback_wyxcb"]

[sub_resource type="FastNoiseLite" id="FastNoiseLite_kuh6x"]
noise_type = 3
frequency = 0.0055
fractal_octaves = 9
fractal_lacunarity = 2.592
fractal_gain = 0.338
fractal_weighted_strength = 1.0
domain_warp_enabled = true
domain_warp_type = 1
domain_warp_amplitude = 51.022
domain_warp_frequency = -0.008
domain_warp_fractal_lacunarity = 2.973

[sub_resource type="NoiseTexture2D" id="NoiseTexture2D_e8406"]
width = 1024
height = 1024
in_3d_space = true
seamless = true
seamless_blend_skirt = 0.582
noise = SubResource("FastNoiseLite_kuh6x")

[sub_resource type="Gradient" id="Gradient_md7p6"]
interpolation_mode = 2
offsets = PackedFloat32Array(0.246212, 0.405303, 0.575758, 0.643939, 0.720779, 0.847403, 0.883117, 0.899351, 0.957792)
colors = PackedColorArray(0.241235, 0.181639, 0.637774, 1, 0.265675, 0.328805, 0.670102, 1, 0.358184, 0.457245, 0.795857, 1, 0.55206, 0.609156, 0.918864, 1, 0.62316, 0.499455, 0.70292, 1, 0.624484, 0.462869, 0.723787, 1, 0.623842, 0.427904, 0.857562, 1, 0.661754, 0.516994, 0.900451, 1, 0.816009, 0.638485, 0.92737, 1)

[sub_resource type="GradientTexture1D" id="GradientTexture1D_astb8"]
gradient = SubResource("Gradient_md7p6")

[sub_resource type="ShaderMaterial" id="ShaderMaterial_qfsbg"]
resource_local_to_scene = true
render_priority = 0
shader = ExtResource("2_gujbd")
shader_parameter/specular = 0.5
shader_parameter/specular_amount = 0.5
shader_parameter/specular_smoothness = 0.05
shader_parameter/wrap = 0.171
shader_parameter/rim = 0.727
shader_parameter/rim_amount = 0.651
shader_parameter/rim_smoothness = 1.0
shader_parameter/metallic = 0.0
shader_parameter/roughness = 0.608
shader_parameter/emission_energy = 0.265
shader_parameter/albedo_texture = SubResource("NoiseTexture2D_e8406")
shader_parameter/color_gradient = SubResource("GradientTexture1D_astb8")

[node name="GameWindow" type="Window"]
initial_position = 1
title = "Adventure"
size = Vector2i(1280, 720)
extend_to_title = true
content_scale_size = Vector2i(1280, 720)
content_scale_aspect = 4

[node name="ViewportContainer" type="SubViewportContainer" parent="."]
texture_filter = 6
texture_repeat = 1
anchors_preset = 15
anchor_right = 1.0
anchor_bottom = 1.0
grow_horizontal = 2
grow_vertical = 2
stretch = true

[node name="Viewport" type="SubViewport" parent="ViewportContainer"]
unique_name_in_owner = true
handle_input_locally = false
msaa_2d = 1
screen_space_aa = 1
use_taa = true
audio_listener_enable_3d = true
size = Vector2i(1280, 720)
render_target_update_mode = 4

[node name="Level" parent="ViewportContainer/Viewport" instance=ExtResource("4_7ey7j")]

[node name="StateTree" parent="ViewportContainer/Viewport/Level" index="0"]
parameters/playback = SubResource("AnimationNodeStateMachinePlayback_wyxcb")

[node name="Character" parent="ViewportContainer/Viewport/Level" index="2"]
transform = Transform3D(0.945596, 0.000345886, -0.325341, 1.45519e-11, 0.999999, 0.00106315, 0.325342, -0.00100531, 0.945596, -0.898768, 0.602135, -1.79084)

[node name="Spaceship" parent="ViewportContainer/Viewport/Level" index="3"]
transform = Transform3D(1, 0, 0, 0, 1, 0, 0, 0, 1, 0, 0.034845, 0)
door_open = false
siren_active = true

[node name="CharacterPath" parent="ViewportContainer/Viewport/Level/FollowPaths" index="0"]
visible = true
progress_ratio = 1.0
pivot = 0.15

[node name="RemoteTransform" parent="ViewportContainer/Viewport/Level/FollowPaths/CharacterPath" index="0"]
transform = Transform3D(0.945596, 0.000345886, -0.325341, 1.45519e-11, 0.999999, 0.00106315, 0.325342, -0.00100531, 0.945596, -0.898768, 0.602135, -1.79084)

[node name="PathFollow" parent="ViewportContainer/Viewport/Level/FollowPaths/CharacterPath" index="1"]
transform = Transform3D(-0.990367, 0, -0.137336, 0, 0.999798, 0, 0.137336, 0, -0.990367, -0.9, 0.6, -1.8)
progress = 15.924

[node name="LookTargetPivot" parent="ViewportContainer/Viewport/Level/FollowPaths/CharacterPath/PathFollow" index="1"]
transform = Transform3D(0.891007, 0, -0.45399, 0, 1, 0, 0.45399, 0, 0.891007, 0, 0, 0)

[node name="RemoteTransform" parent="ViewportContainer/Viewport/Level/FollowPaths/AlienPath" index="0"]
transform = Transform3D(-0.952962, -4.97069e-05, 0.303089, -1.27329e-11, 1, 0.000164001, -0.303089, 0.000156287, -0.952962, 0.779878, 1.01777, -4.00766)

[node name="PathFollow" parent="ViewportContainer/Viewport/Level/FollowPaths/AlienPath" index="1"]
transform = Transform3D(0.952779, 0, -0.303156, 0, 0.999828, 0, 0.303156, 0, 0.952779, 0.777695, 1.01744, -4.00001)

[node name="RemoteTransform" parent="ViewportContainer/Viewport/Level/FollowPaths/UfoPath" index="0"]
transform = Transform3D(0.00340783, 0.0558358, 0.998432, -2.23517e-08, 0.99844, -0.055836, -0.999992, 0.000190256, 0.00340252, -19.3996, 0.802411, -41.1932)

[node name="PathFollow" parent="ViewportContainer/Viewport/Level/FollowPaths/UfoPath" index="1"]
transform = Transform3D(-4.37051e-08, 0.0570408, -0.998239, 0, 0.998214, 0.0570422, 0.999855, 2.49333e-09, -4.36344e-08, -19.4, 0.8, -41.2)

[node name="PlayerPath" parent="ViewportContainer/Viewport/Level/FollowPaths" index="4"]
visible = true
progress_ratio = 1.0
pivot = -0.2
turn_speed = 2.6

[node name="RemoteTransform" parent="ViewportContainer/Viewport/Level/FollowPaths/PlayerPath" index="0"]
transform = Transform3D(0.810003, -0.000233789, 0.586425, 2.18279e-11, 1, 0.000398669, -0.586425, -0.000322923, 0.810003, 0.501938, 2.1008, -1.39159)
remote_path = NodePath("../../../../PlayerCamera")

[node name="PathFollow" parent="ViewportContainer/Viewport/Level/FollowPaths/PlayerPath" index="1"]
transform = Transform3D(-0.999833, 0, -8.74082e-08, 0, 0.999798, 0, 8.74082e-08, 0, -0.999833, 0.5, 2.1, -1.4)
progress = 19.1918

[node name="LookTargetPivot" parent="ViewportContainer/Viewport/Level/FollowPaths/PlayerPath/PathFollow" index="1"]
transform = Transform3D(0.809017, 0, 0.587785, 0, 1, 0, -0.587785, 0, 0.809017, 0, 0, 0)

[node name="Ufo" parent="ViewportContainer/Viewport/Level/Ground/PlanetStardust" index="0"]
transform = Transform3D(-0.950352, 0.0061164, -0.311121, -1.62982e-09, 0.999806, 0.0196555, 0.311181, 0.0186796, -0.950169, -2.4046, 4.00071, -9.40878)

[node name="ufo" parent="ViewportContainer/Viewport/Level/Ground/PlanetStardust/Ufo" index="4"]
transform = Transform3D(0.986388, 0.115874, 0.116671, -0.116671, 0.993171, 0, -0.115874, -0.0136121, 0.99317, 0, 0, 0)

[node name="ring_light" parent="ViewportContainer/Viewport/Level/Ground/PlanetStardust/Ufo/ufo" index="4"]
transform = Transform3D(1, 0, 0, 0, 1, 0, 0, 0, 1, 0, 0, 0)

[node name="beam" parent="ViewportContainer/Viewport/Level/Ground/PlanetStardust/Ufo/ufo" index="13"]
transform = Transform3D(0.961212, 0.243462, 0.129607, -0.148033, 0.0588991, 0.987226, 0.23272, -0.968119, 0.0926553, 0.000805616, -0.621712, -0.0663118)

[node name="Alien" parent="ViewportContainer/Viewport/Level/Ground/PlanetStardust" index="1"]
transform = Transform3D(-0.95293, -4.96923e-05, 0.30303, -1.27325e-11, 0.999705, 0.000163969, -0.303079, 0.000156241, -0.952776, 0.779878, 1.01777, -4.00766)

[node name="Planet" parent="ViewportContainer/Viewport/Level" index="6"]
transform = Transform3D(-0.249969, 6.98492e-09, -0.00392246, 0.0027736, 0.176777, -0.176755, 0.00277359, -0.176777, -0.176755, 3.72275, 28.7924, -54.9282)
surface_material_override/0 = SubResource("ShaderMaterial_qfsbg")

[node name="PlayerCamera" type="Camera3D" parent="ViewportContainer/Viewport"]
unique_name_in_owner = true
transform = Transform3D(0.810003, -0.000233789, 0.586425, 2.18279e-11, 1, 0.000398669, -0.586425, -0.000322923, 0.810003, 0.501938, 2.1008, -1.39159)
fov = 65.0

[node name="ScreenOverlay" parent="." instance=ExtResource("4_p5m14")]

[editable path="ViewportContainer/Viewport/Level"]
[editable path="ViewportContainer/Viewport/Level/FollowPaths/CharacterPath"]
[editable path="ViewportContainer/Viewport/Level/FollowPaths/AlienPath"]
[editable path="ViewportContainer/Viewport/Level/FollowPaths/LamaPath"]
[editable path="ViewportContainer/Viewport/Level/FollowPaths/UfoPath"]
[editable path="ViewportContainer/Viewport/Level/FollowPaths/PlayerPath"]
[editable path="ViewportContainer/Viewport/Level/Ground/Station/Computers/Computer_01"]
[editable path="ViewportContainer/Viewport/Level/Ground/Station/Computers/Computer_01/starmap"]
[editable path="ViewportContainer/Viewport/Level/Ground/Station/Computers/Computer_03"]
[editable path="ViewportContainer/Viewport/Level/Ground/Station/Computers/Computer_03/starmap"]
[editable path="ViewportContainer/Viewport/Level/Ground/Station/Computers/Computer_04"]
[editable path="ViewportContainer/Viewport/Level/Ground/Station/Computers/Computer_04/starmap"]
[editable path="ViewportContainer/Viewport/Level/Ground/Station/Computers/Computer_05"]
[editable path="ViewportContainer/Viewport/Level/Ground/Station/Computers/Computer_05/starmap"]
[editable path="ViewportContainer/Viewport/Level/Ground/PlanetStardust/Ufo"]
[editable path="ViewportContainer/Viewport/Level/Environment"]
