[gd_scene load_steps=3 format=3 uid="uid://bw70w15xhifwc"]

[ext_resource type="PackedScene" uid="uid://uk3s0fjb5pmh" path="res://level/level.tscn" id="4_7ey7j"]
[ext_resource type="PackedScene" uid="uid://n088b8ab4tef" path="res://ui/screen_overlay.tscn" id="4_p5m14"]

[node name="GameWindow" type="Window"]
title = "Adventure"
position = Vector2i(1, 36)
size = Vector2i(1280, 720)
extend_to_title = true
content_scale_size = Vector2i(1280, 720)
content_scale_aspect = 1

[node name="ViewportContainer" type="SubViewportContainer" parent="."]
texture_filter = 6
texture_repeat = 1
anchors_preset = 15
anchor_right = 1.0
anchor_bottom = 1.0
grow_horizontal = 2
grow_vertical = 2
stretch = true

[node name="Viewport" type="SubViewport" parent="ViewportContainer"]
unique_name_in_owner = true
handle_input_locally = false
audio_listener_enable_3d = true
size = Vector2i(1280, 720)
render_target_update_mode = 4

[node name="Level" parent="ViewportContainer/Viewport" instance=ExtResource("4_7ey7j")]

[node name="Character" parent="ViewportContainer/Viewport/Level" index="1"]
transform = Transform3D(-0.464983, 0, 0.88532, 0, 1, 0, -0.88532, 0, -0.464983, -13.2018, 1, -3.69034)

[node name="RemoteTransform" parent="ViewportContainer/Viewport/Level/FollowPaths/CharacterPath" index="0"]
transform = Transform3D(-0.464983, 0, 0.88532, 0, 1, 0, -0.88532, 0, -0.464983, -13.2018, 1, -3.69034)

[node name="RemoteTransform" parent="ViewportContainer/Viewport/Level/FollowPaths/AlienPath" index="0"]
transform = Transform3D(-0.949805, -0.12052, 0.288696, -1.11759e-08, 0.922815, 0.385243, -0.312842, 0.365906, -0.876495, 1.06873, 1.85935, -4.6749)

[node name="RemoteTransform" parent="ViewportContainer/Viewport/Level/FollowPaths/LamaPath" index="0"]
transform = Transform3D(-0.829457, 9.35151e-05, -0.558571, -2.54659e-11, 1, 0.000167418, 0.558571, 0.000138866, -0.829457, -4.69336, 1.70155, -10.3192)

[node name="RemoteTransform" parent="ViewportContainer/Viewport/Level/FollowPaths/UfoPath" index="0"]
transform = Transform3D(0.951661, -0.0803536, 0.296452, 1.49012e-08, 0.965173, 0.261611, -0.307149, -0.248965, 0.918518, -21.8472, 4.57584, -35.4474)

[node name="PathFollow" parent="ViewportContainer/Viewport/Level/FollowPaths/UfoPath" index="1"]
transform = Transform3D(-0.919743, -0.256793, -0.296363, -0.180405, 0.948004, -0.261578, 0.348177, -0.187144, -0.918404, -21.8445, 4.57836, -35.4386)

[node name="PlayerPath" parent="ViewportContainer/Viewport/Level/FollowPaths" index="4"]
progress_ratio = 1.0

[node name="RemoteTransform" parent="ViewportContainer/Viewport/Level/FollowPaths/PlayerPath" index="0"]
transform = Transform3D(0.98152, 0.00328731, 0.191329, -6.98492e-10, 0.999852, -0.0171789, -0.191357, 0.0168614, 0.981376, 0.490552, 2.20054, -1.29778)

[node name="PathFollow" parent="ViewportContainer/Viewport/Level/FollowPaths/PlayerPath" index="1"]
transform = Transform3D(0.980416, 0, 0.196083, 0, 0.999798, 0, -0.196083, 0, 0.980416, 0.5, 2.2, -1.3)
progress = 17.0458

[node name="Alien" parent="ViewportContainer/Viewport/Level/Ground/PlanetStardust" index="0"]
transform = Transform3D(-0.949665, -0.1205, 0.288667, -1.11742e-08, 0.922656, 0.385205, -0.312796, 0.365843, -0.876408, 1.06873, 1.85935, -4.6749)

[node name="LamaLost" parent="ViewportContainer/Viewport/Level/Ground/PlanetStardust" index="1"]
transform = Transform3D(-0.829457, 9.35151e-05, -0.558571, -2.54659e-11, 1, 0.000167418, 0.558571, 0.000138866, -0.829457, -4.69336, 1.70155, -10.3192)

[node name="Ufo" parent="ViewportContainer/Viewport/Level/Ground/PlanetStardust" index="2"]
transform = Transform3D(0.951661, -0.0803536, 0.296452, 1.49012e-08, 0.965173, 0.261611, -0.307149, -0.248965, 0.918518, -21.8472, 4.57584, -35.4474)

[node name="PlayerCamera" parent="ViewportContainer/Viewport/Level" index="6"]
transform = Transform3D(0.98152, 0.00328731, 0.191329, -6.98492e-10, 0.999852, -0.0171789, -0.191357, 0.0168614, 0.981376, 0.490552, 2.20054, -1.29778)

[node name="ScreenOverlay" parent="." instance=ExtResource("4_p5m14")]

[editable path="ViewportContainer/Viewport/Level"]
[editable path="ViewportContainer/Viewport/Level/FollowPaths/CharacterPath"]
[editable path="ViewportContainer/Viewport/Level/FollowPaths/AlienPath"]
[editable path="ViewportContainer/Viewport/Level/FollowPaths/LamaPath"]
[editable path="ViewportContainer/Viewport/Level/FollowPaths/UfoPath"]
[editable path="ViewportContainer/Viewport/Level/FollowPaths/PlayerPath"]
[editable path="ViewportContainer/Viewport/Level/Ground/Station/Computers/Computer3"]
