[gd_scene load_steps=9 format=3 uid="uid://bw70w15xhifwc"]

[ext_resource type="Shader" path="res://level/environment/materials/planet_material.gdshader" id="2_8aowf"]
[ext_resource type="PackedScene" uid="uid://uk3s0fjb5pmh" path="res://level/level.tscn" id="4_7ey7j"]
[ext_resource type="PackedScene" uid="uid://n088b8ab4tef" path="res://ui/screen_overlay.tscn" id="4_p5m14"]

[sub_resource type="FastNoiseLite" id="FastNoiseLite_kuh6x"]
noise_type = 3
frequency = 0.0055
fractal_octaves = 9
fractal_lacunarity = 2.592
fractal_gain = 0.338
fractal_weighted_strength = 1.0
domain_warp_enabled = true
domain_warp_type = 1
domain_warp_amplitude = 51.022
domain_warp_frequency = -0.008
domain_warp_fractal_lacunarity = 2.973

[sub_resource type="NoiseTexture2D" id="NoiseTexture2D_e8406"]
width = 1024
height = 1024
in_3d_space = true
seamless = true
seamless_blend_skirt = 0.582
noise = SubResource("FastNoiseLite_kuh6x")

[sub_resource type="Gradient" id="Gradient_md7p6"]
interpolation_mode = 2
offsets = PackedFloat32Array(0, 0.138173, 0.163934, 0.384075, 0.428571, 0.545667, 0.59719, 0.857143, 1)
colors = PackedColorArray(0.995917, 0.639579, 0.67719, 1, 0.998306, 0.62802, 0.63754, 1, 1.01695, 0.529085, 0.302927, 1, 1, 0.514859, 0.306439, 1, 0.787355, 0.430083, 0.620272, 1, 0.726091, 0.405851, 0.711271, 1, 0.553544, 0.337229, 0.968107, 1, 0.531121, 0.323095, 0.999986, 1, 0.483972, 0.136825, 0.999964, 1)

[sub_resource type="GradientTexture1D" id="GradientTexture1D_astb8"]
gradient = SubResource("Gradient_md7p6")

[sub_resource type="ShaderMaterial" id="ShaderMaterial_81nyd"]
resource_local_to_scene = true
render_priority = 0
shader = ExtResource("2_8aowf")
shader_parameter/specular = 0.5
shader_parameter/specular_amount = 0.5
shader_parameter/specular_smoothness = 0.05
shader_parameter/wrap = 0.171
shader_parameter/rim = 0.727
shader_parameter/rim_amount = 0.651
shader_parameter/rim_smoothness = 1.0
shader_parameter/metallic = 0.0
shader_parameter/roughness = 0.608
shader_parameter/emission_energy = 0.27
shader_parameter/albedo_texture = SubResource("NoiseTexture2D_e8406")
shader_parameter/color_gradient = SubResource("GradientTexture1D_astb8")

[node name="GameWindow" type="Window"]
title = "Adventure"
position = Vector2i(238, 36)
size = Vector2i(1280, 720)
extend_to_title = true
content_scale_size = Vector2i(1280, 720)
content_scale_aspect = 1

[node name="ViewportContainer" type="SubViewportContainer" parent="."]
texture_filter = 6
texture_repeat = 1
anchors_preset = 15
anchor_right = 1.0
anchor_bottom = 1.0
grow_horizontal = 2
grow_vertical = 2
stretch = true

[node name="Viewport" type="SubViewport" parent="ViewportContainer"]
unique_name_in_owner = true
handle_input_locally = false
audio_listener_enable_3d = true
size = Vector2i(1280, 720)
render_target_update_mode = 4

[node name="Level" parent="ViewportContainer/Viewport" instance=ExtResource("4_7ey7j")]
journey_progress = 0.0

[node name="Character" parent="ViewportContainer/Viewport/Level" index="1"]
transform = Transform3D(-0.464152, -6.63365e-05, 0.885755, -7.27596e-12, 1, 7.48926e-05, -0.885755, 3.47616e-05, -0.464152, -13.2931, 1.00015, -3.19279)

[node name="Spaceship" parent="ViewportContainer/Viewport/Level" index="2"]
progress_bar = 0.0

[node name="RemoteTransform" parent="ViewportContainer/Viewport/Level/FollowPaths/CharacterPath" index="0"]
transform = Transform3D(-0.464152, -6.63365e-05, 0.885755, -7.27596e-12, 1, 7.48926e-05, -0.885755, 3.47616e-05, -0.464152, -13.2931, 1.00015, -3.19279)

[node name="PathFollow" parent="ViewportContainer/Viewport/Level/FollowPaths/CharacterPath" index="1"]
transform = Transform3D(-0.989782, 0, -0.141398, 0, 0.999798, 0, 0.141398, 0, -0.989782, -13.3, 1, -3.2)

[node name="AlienPath" parent="ViewportContainer/Viewport/Level/FollowPaths" index="1"]
pivot = 0.05

[node name="RemoteTransform" parent="ViewportContainer/Viewport/Level/FollowPaths/AlienPath" index="0"]
transform = Transform3D(-0.936444, -0.013342, 0.350562, -9.31322e-10, 0.999277, 0.0380312, -0.350816, 0.0356141, -0.935767, 0.929996, 1.74448, -4.22037)

[node name="PathFollow" parent="ViewportContainer/Viewport/Level/FollowPaths/AlienPath" index="1"]
transform = Transform3D(-0.979687, -0.00775567, 0.199664, 0, 0.999082, 0.0388096, -0.199815, 0.0380259, -0.978948, 0.926652, 1.74474, -4.21172)

[node name="LookTargetPivot" parent="ViewportContainer/Viewport/Level/FollowPaths/AlienPath/PathFollow" index="1"]
transform = Transform3D(0.987688, 0, -0.156434, 0, 1, 0, 0.156434, 0, 0.987688, 0, 0, 0)

[node name="RemoteTransform" parent="ViewportContainer/Viewport/Level/FollowPaths/LamaPath" index="0"]
transform = Transform3D(-0.829456, 9.3515e-05, -0.558572, -2.91038e-11, 1, 0.000167418, 0.558571, 0.000138866, -0.829457, -4.69336, 1.70155, -10.3192)

[node name="PathFollow" parent="ViewportContainer/Viewport/Level/FollowPaths/LamaPath" index="1"]
transform = Transform3D(-0.829347, 0, -0.558481, 0, 0.999818, 0, 0.558481, 0, -0.829347, -4.69748, 1.70122, -10.3254)

[node name="UfoPath" parent="ViewportContainer/Viewport/Level/FollowPaths" index="3"]
progress_ratio = 0.9

[node name="RemoteTransform" parent="ViewportContainer/Viewport/Level/FollowPaths/UfoPath" index="0"]
transform = Transform3D(-0.807157, 0.0302811, -0.589559, 1.86264e-09, 0.998684, 0.0512946, 0.590336, 0.0414028, -0.806095, -3.33572, 4.53843, -8.88398)

[node name="PathFollow" parent="ViewportContainer/Viewport/Level/FollowPaths/UfoPath" index="1"]
transform = Transform3D(-0.805916, -0.0520434, -0.589521, -0.101604, 0.993335, 0.0511982, 0.583032, 0.101168, -0.805964, -3.33007, 4.53775, -8.87609)
progress = 41.055

[node name="PlayerPath" parent="ViewportContainer/Viewport/Level/FollowPaths" index="4"]
progress_ratio = 1.0

[node name="RemoteTransform" parent="ViewportContainer/Viewport/Level/FollowPaths/PlayerPath" index="0"]
transform = Transform3D(0.980603, 0.0033577, 0.195971, -1.16415e-10, 0.999853, -0.0171311, -0.196, 0.0167988, 0.98046, 0.501616, 2.20048, -1.29071)

[node name="PathFollow" parent="ViewportContainer/Viewport/Level/FollowPaths/PlayerPath" index="1"]
transform = Transform3D(0.98042, 0, 0.196084, 0, 0.999798, 0, -0.196084, 0, 0.98042, 0.5, 2.2, -1.3)
progress = 16.6667

[node name="Station" parent="ViewportContainer/Viewport/Level/Ground" index="0"]
visible = true

[node name="PlanetStardust" parent="ViewportContainer/Viewport/Level/Ground" index="1"]
visible = false

[node name="Alien" parent="ViewportContainer/Viewport/Level/Ground/PlanetStardust" index="0"]
transform = Transform3D(-0.936296, -0.0133397, 0.350508, -9.31175e-10, 0.999107, 0.0380254, -0.35076, 0.0356081, -0.935623, 0.929996, 1.74448, -4.22037)

[node name="LamaLost" parent="ViewportContainer/Viewport/Level/Ground/PlanetStardust" index="1"]
transform = Transform3D(-0.829456, 9.3515e-05, -0.558572, -2.91038e-11, 1, 0.000167418, 0.558571, 0.000138866, -0.829457, -4.69336, 1.70155, -10.3192)

[node name="Ufo" parent="ViewportContainer/Viewport/Level/Ground/PlanetStardust" index="2"]
transform = Transform3D(-0.807157, 0.0302811, -0.589559, 1.86264e-09, 0.998684, 0.0512946, 0.590336, 0.0414028, -0.806095, -3.33572, 4.53843, -8.88398)
speakers_open = true

[node name="Environment" parent="ViewportContainer/Viewport/Level" index="5"]
planet_distance = 1.0
stars_progress = 0.0

[node name="PlanetPivot" parent="ViewportContainer/Viewport/Level/Environment" index="2"]
transform = Transform3D(1, 0, 0, 0, 0.904827, -0.425779, 0, 0.425779, 0.904827, 0, 0, 0)

[node name="Planet" parent="ViewportContainer/Viewport/Level/Environment/PlanetPivot" index="0"]
transform = Transform3D(-0.0499829, -0.00055728, -0.00118428, 0, 0.0452414, -0.021289, 0.00130885, -0.0212817, -0.0452259, 0, 0, -64)
surface_material_override/0 = SubResource("ShaderMaterial_81nyd")

[node name="Stars" parent="ViewportContainer/Viewport/Level/Environment" index="4"]
transform = Transform3D(0.864943, 0.501407, -0.0215388, -0.309736, 0.499555, -0.809017, -0.394886, 0.706427, 0.587391, 0, 75.4527, -51.2)

[node name="PlayerCamera" parent="ViewportContainer/Viewport/Level" index="6"]
transform = Transform3D(0.980603, 0.0033577, 0.195971, -1.16415e-10, 0.999853, -0.0171311, -0.196, 0.0167988, 0.98046, 0.501616, 2.20048, -1.29071)

[node name="ScreenOverlay" parent="." instance=ExtResource("4_p5m14")]

[editable path="ViewportContainer/Viewport/Level"]
[editable path="ViewportContainer/Viewport/Level/FollowPaths/CharacterPath"]
[editable path="ViewportContainer/Viewport/Level/FollowPaths/AlienPath"]
[editable path="ViewportContainer/Viewport/Level/FollowPaths/LamaPath"]
[editable path="ViewportContainer/Viewport/Level/FollowPaths/UfoPath"]
[editable path="ViewportContainer/Viewport/Level/FollowPaths/PlayerPath"]
[editable path="ViewportContainer/Viewport/Level/Ground/Station/Computers/Computer_01"]
[editable path="ViewportContainer/Viewport/Level/Ground/Station/Computers/Computer_03"]
[editable path="ViewportContainer/Viewport/Level/Ground/Station/Computers/Computer_04"]
[editable path="ViewportContainer/Viewport/Level/Ground/Station/Computers/Computer_05"]
[editable path="ViewportContainer/Viewport/Level/Environment"]
