[gd_scene load_steps=9 format=3 uid="uid://bw70w15xhifwc"]

[ext_resource type="Shader" path="res://level/environment/materials/planet_material.gdshader" id="2_ney6o"]
[ext_resource type="PackedScene" uid="uid://uk3s0fjb5pmh" path="res://level/level.tscn" id="4_7ey7j"]
[ext_resource type="PackedScene" uid="uid://n088b8ab4tef" path="res://ui/screen_overlay.tscn" id="4_p5m14"]

[sub_resource type="FastNoiseLite" id="FastNoiseLite_kuh6x"]
noise_type = 3
frequency = 0.0055
fractal_octaves = 9
fractal_lacunarity = 2.592
fractal_gain = 0.338
fractal_weighted_strength = 1.0
domain_warp_enabled = true
domain_warp_type = 1
domain_warp_amplitude = 51.022
domain_warp_frequency = -0.008
domain_warp_fractal_lacunarity = 2.973

[sub_resource type="NoiseTexture2D" id="NoiseTexture2D_e8406"]
width = 1024
height = 1024
in_3d_space = true
seamless = true
seamless_blend_skirt = 0.582
noise = SubResource("FastNoiseLite_kuh6x")

[sub_resource type="Gradient" id="Gradient_md7p6"]
interpolation_mode = 2
offsets = PackedFloat32Array(0.246212, 0.405303, 0.575758, 0.643939, 0.720779, 0.847403, 0.883117, 0.899351, 0.957792)
colors = PackedColorArray(0.241235, 0.181639, 0.637774, 1, 0.265675, 0.328805, 0.670102, 1, 0.358184, 0.457245, 0.795857, 1, 0.55206, 0.609156, 0.918864, 1, 0.62316, 0.499455, 0.70292, 1, 0.624484, 0.462869, 0.723787, 1, 0.623842, 0.427904, 0.857562, 1, 0.661754, 0.516994, 0.900451, 1, 0.816009, 0.638485, 0.92737, 1)

[sub_resource type="GradientTexture1D" id="GradientTexture1D_astb8"]
gradient = SubResource("Gradient_md7p6")

[sub_resource type="ShaderMaterial" id="ShaderMaterial_v637u"]
resource_local_to_scene = true
render_priority = 0
shader = ExtResource("2_ney6o")
shader_parameter/specular = 0.5
shader_parameter/specular_amount = 0.5
shader_parameter/specular_smoothness = 0.05
shader_parameter/wrap = 0.171
shader_parameter/rim = 0.727
shader_parameter/rim_amount = 0.651
shader_parameter/rim_smoothness = 1.0
shader_parameter/metallic = 0.0
shader_parameter/roughness = 0.608
shader_parameter/emission_energy = 0.302
shader_parameter/albedo_texture = SubResource("NoiseTexture2D_e8406")
shader_parameter/color_gradient = SubResource("GradientTexture1D_astb8")

[node name="GameWindow" type="Window"]
title = "Adventure"
position = Vector2i(375, 36)
size = Vector2i(1280, 720)
extend_to_title = true
content_scale_size = Vector2i(1280, 720)
content_scale_aspect = 1

[node name="ViewportContainer" type="SubViewportContainer" parent="."]
texture_filter = 6
texture_repeat = 1
anchors_preset = 15
anchor_right = 1.0
anchor_bottom = 1.0
grow_horizontal = 2
grow_vertical = 2
stretch = true

[node name="Viewport" type="SubViewport" parent="ViewportContainer"]
unique_name_in_owner = true
handle_input_locally = false
audio_listener_enable_3d = true
size = Vector2i(1280, 720)
render_target_update_mode = 4

[node name="Level" parent="ViewportContainer/Viewport" instance=ExtResource("4_7ey7j")]

[node name="Character" parent="ViewportContainer/Viewport/Level" index="2"]
transform = Transform3D(-0.990353, 1.04314e-05, -0.138531, -2.5011e-11, 1, 7.52992e-05, 0.138531, 7.45736e-05, -0.990353, -13.2931, 1.00015, -3.19279)

[node name="RemoteTransform" parent="ViewportContainer/Viewport/Level/FollowPaths/CharacterPath" index="0"]
transform = Transform3D(-0.990353, 1.04314e-05, -0.138531, -2.5011e-11, 1, 7.52992e-05, 0.138531, 7.45736e-05, -0.990353, -13.2931, 1.00015, -3.19279)

[node name="PathFollow" parent="ViewportContainer/Viewport/Level/FollowPaths/CharacterPath" index="1"]
transform = Transform3D(-0.989782, 0, -0.141398, 0, 0.999798, 0, 0.141398, 0, -0.989782, -13.3, 1, -3.2)

[node name="RemoteTransform" parent="ViewportContainer/Viewport/Level/FollowPaths/AlienPath" index="0"]
transform = Transform3D(-0.963973, 0.000852319, 0.265983, 2.03726e-09, 0.999995, -0.00320438, -0.265984, -0.00308895, -0.963972, 0.995202, 1.29361, -4.19556)

[node name="PathFollow" parent="ViewportContainer/Viewport/Level/FollowPaths/AlienPath" index="1"]
transform = Transform3D(-0.96337, 0, 0.267603, 0, 0.999828, 0, -0.267603, 0, -0.96337, 1, 1.3, -4.2)

[node name="RemoteTransform" parent="ViewportContainer/Viewport/Level/FollowPaths/LamaPath" index="0"]
transform = Transform3D(-0.829457, 9.3515e-05, -0.558573, -2.80124e-10, 1, 0.000167419, 0.558571, 0.000138867, -0.829459, -4.69336, 1.70155, -10.3192)

[node name="PathFollow" parent="ViewportContainer/Viewport/Level/FollowPaths/LamaPath" index="1"]
transform = Transform3D(-0.829347, 0, -0.558481, 0, 0.999818, 0, 0.558481, 0, -0.829347, -4.69748, 1.70122, -10.3254)

[node name="RemoteTransform" parent="ViewportContainer/Viewport/Level/FollowPaths/UfoPath" index="0"]
transform = Transform3D(-0.813828, 0.107236, -0.571118, 2.60769e-07, 0.982823, 0.184539, 0.581098, 0.150184, -0.799851, -4.70804, 4.8628, -10.8321)

[node name="PathFollow" parent="ViewportContainer/Viewport/Level/FollowPaths/UfoPath" index="1"]
transform = Transform3D(-0.81839, 0.024033, -0.573938, -0.100701, 0.977489, 0.184525, 0.565547, 0.208829, -0.797676, -4.71558, 4.86339, -10.8304)

[node name="PlayerPath" parent="ViewportContainer/Viewport/Level/FollowPaths" index="4"]
progress_ratio = 1.0

[node name="RemoteTransform" parent="ViewportContainer/Viewport/Level/FollowPaths/PlayerPath" index="0"]
transform = Transform3D(0.938912, -0.0419753, 0.341586, -7.45057e-09, 0.99253, 0.121966, -0.344156, -0.114515, 0.931902, 0.496628, 2.20109, -1.29113)

[node name="PathFollow" parent="ViewportContainer/Viewport/Level/FollowPaths/PlayerPath" index="1"]
transform = Transform3D(0.980417, 0, 0.196083, 0, 0.999798, 0, -0.196083, 0, 0.980417, 0.5, 2.2, -1.3)
progress = 16.6667

[node name="Ground" parent="ViewportContainer/Viewport/Level" index="5"]
transform = Transform3D(1, 0, 0, 0, 1, 0, 0, 0, 1, 0, 0, 0)

[node name="PlanetStardust" parent="ViewportContainer/Viewport/Level/Ground" index="1"]
visible = true

[node name="LamaLost" parent="ViewportContainer/Viewport/Level/Ground/PlanetStardust" index="0"]
transform = Transform3D(-0.829457, 9.3515e-05, -0.558573, -2.80124e-10, 1, 0.000167419, 0.558571, 0.000138867, -0.829459, -4.69336, 1.70155, -10.3192)

[node name="Ufo" parent="ViewportContainer/Viewport/Level/Ground/PlanetStardust" index="1"]
transform = Transform3D(-0.813828, 0.107236, -0.571118, 2.60769e-07, 0.982823, 0.184539, 0.581098, 0.150184, -0.799851, -4.70804, 4.8628, -10.8321)

[node name="Alien" parent="ViewportContainer/Viewport/Level/Ground/PlanetStardust" index="2"]
transform = Transform3D(-0.963946, 0.000852068, 0.26593, 2.0372e-09, 0.999701, -0.00320374, -0.265976, -0.00308804, -0.96378, 0.995202, 1.29361, -4.19556)

[node name="Environment" parent="ViewportContainer/Viewport/Level" index="6"]
altitude = 0.0
planet_height = 0.81
stars_progress = 0.29

[node name="Ground" parent="ViewportContainer/Viewport/Level/Environment" index="1"]
transform = Transform3D(1, 0, 0, 0, 1, 0, 0, 0, 1, 0, 0, 0)

[node name="PlanetPivot" parent="ViewportContainer/Viewport/Level/Environment" index="2"]
transform = Transform3D(1, 0, 0, 0, 0.947508, -0.31973, 0, 0.31973, 0.947508, 0, 0, 0)

[node name="Planet" parent="ViewportContainer/Viewport/Level/Environment/PlanetPivot" index="0"]
transform = Transform3D(-0.34988, -0.00292935, -0.00868101, 0, 0.331628, -0.111906, 0.00916193, -0.111867, -0.331514, 0, 0, -64)
surface_material_override/0 = SubResource("ShaderMaterial_v637u")

[node name="WorldLight" parent="ViewportContainer/Viewport/Level/Environment" index="3"]
light_energy = 0.2

[node name="Stars" parent="ViewportContainer/Viewport/Level/Environment" index="4"]
transform = Transform3D(0.868194, 0.496163, -0.00775195, -0.111475, 0.179791, -0.977368, -0.48354, 0.84941, 0.211403, 0, 0, 0)
star1_progress = 1.0
star2_progress = 1.0
star3_progress = 1.0
star4_progress = 1.0
star5_progress = 1.0
star6_progress = 1.0
star7_progress = 1.0
star8_progress = 1.0
star9_progress = 1.0
star10_progress = 1.0
star11_progress = 1.0

[node name="PathFollow3D" parent="ViewportContainer/Viewport/Level/Environment/Stars/Paths/StarPath3D1" index="0"]
transform = Transform3D(-0.275638, -0.458083, 0.844926, -0.0100671, 0.880319, 0.473983, -0.961057, 0.12216, -0.247295, -7.45058e-09, -7.45058e-09, 3.72529e-09)
progress = 113.357

[node name="PathFollow3D" parent="ViewportContainer/Viewport/Level/Environment/Stars/Paths/StarPath3D2" index="0"]
transform = Transform3D(-0.275644, -0.45809, 0.844952, -0.0100673, 0.880331, 0.473997, -0.961078, 0.122162, -0.247303, -7.45058e-09, -7.45058e-09, 3.72529e-09)
progress = 113.357

[node name="PathFollow3D" parent="ViewportContainer/Viewport/Level/Environment/Stars/Paths/StarPath3D3" index="0"]
transform = Transform3D(-0.275645, -0.458098, 0.844949, -0.0100673, 0.880347, 0.473996, -0.961083, 0.122164, -0.247302, -7.45058e-09, -7.45058e-09, 3.72529e-09)
progress = 113.357

[node name="PathFollow3D" parent="ViewportContainer/Viewport/Level/Environment/Stars/Paths/StarPath3D4" index="0"]
transform = Transform3D(-0.275649, -0.458103, 0.844958, -0.0100675, 0.880357, 0.474001, -0.961096, 0.122165, -0.247305, -7.45058e-09, -7.45058e-09, 3.72529e-09)
progress = 113.357

[node name="PathFollow3D" parent="ViewportContainer/Viewport/Level/Environment/Stars/Paths/StarPath3D5" index="0"]
transform = Transform3D(-0.275635, -0.458073, 0.844921, -0.010067, 0.880299, 0.47398, -0.961048, 0.122157, -0.247294, -7.45058e-09, -7.45058e-09, 3.72529e-09)
progress = 113.357

[node name="PathFollow3D" parent="ViewportContainer/Viewport/Level/Environment/Stars/Paths/StarPath3D6" index="0"]
transform = Transform3D(-0.275643, -0.45809, 0.844938, -0.0100672, 0.880332, 0.473989, -0.961075, 0.122162, -0.247299, -7.45058e-09, -7.45058e-09, 3.72529e-09)
progress = 113.357

[node name="PathFollow3D" parent="ViewportContainer/Viewport/Level/Environment/Stars/Paths/StarPath3D7" index="0"]
transform = Transform3D(-0.275648, -0.458097, 0.844963, -0.0100674, 0.880346, 0.474003, -0.961095, 0.122164, -0.247306, -7.45058e-09, -7.45058e-09, 3.72529e-09)
progress = 113.357

[node name="PathFollow3D" parent="ViewportContainer/Viewport/Level/Environment/Stars/Paths/StarPath3D8" index="0"]
transform = Transform3D(-0.275648, -0.458105, 0.844956, -0.0100674, 0.880361, 0.474, -0.961092, 0.122166, -0.247304, -7.45058e-09, -7.45058e-09, 3.72529e-09)
progress = 113.357

[node name="PathFollow3D" parent="ViewportContainer/Viewport/Level/Environment/Stars/Paths/StarPath3D9" index="0"]
transform = Transform3D(-0.275648, -0.458102, 0.844955, -0.0100674, 0.880356, 0.473999, -0.961094, 0.122165, -0.247304, -7.45058e-09, -7.45058e-09, 3.72529e-09)
progress = 113.357

[node name="PathFollow3D" parent="ViewportContainer/Viewport/Level/Environment/Stars/Paths/StarPath3D10" index="0"]
transform = Transform3D(-0.275635, -0.458074, 0.844921, -0.010067, 0.880301, 0.47398, -0.961048, 0.122157, -0.247294, -7.45058e-09, -7.45058e-09, 3.72529e-09)
progress = 113.357

[node name="PathFollow3D" parent="ViewportContainer/Viewport/Level/Environment/Stars/Paths/StarPath3D11" index="0"]
transform = Transform3D(-0.275648, -0.458104, 0.844957, -0.0100674, 0.880358, 0.474, -0.961095, 0.122165, -0.247305, -7.45058e-09, -7.45058e-09, 3.72529e-09)
progress = 113.357

[node name="PathFollow3D" parent="ViewportContainer/Viewport/Level/Environment/Stars/Paths/StarPath3D12" index="0"]
transform = Transform3D(-0.275636, -0.458074, 0.844923, -0.010067, 0.880301, 0.473981, -0.961051, 0.122158, -0.247295, -7.45058e-09, -7.45058e-09, 3.72529e-09)

[node name="Star1" parent="ViewportContainer/Viewport/Level/Environment/Stars" index="1"]
transform = Transform3D(-0.523003, -0.0616923, 0.850035, 0.841987, 0.116867, 0.526565, -0.131828, 0.991189, -0.00917845, -12.2438, -6.52518, -19.3794)

[node name="Star2" parent="ViewportContainer/Viewport/Level/Environment/Stars" index="2"]
transform = Transform3D(-0.330903, 0.418815, 0.845593, 0.941467, 0.0856275, 0.325993, 0.0641278, 0.904001, -0.422633, -3.05664, -5.56202, -25.2363)

[node name="Star3" parent="ViewportContainer/Viewport/Level/Environment/Stars" index="3"]
transform = Transform3D(-0.523027, -0.0616932, 0.85004, 0.842027, 0.11687, 0.526567, -0.131834, 0.991211, -0.00917901, 1.21176, -1.14615, -23.3054)

[node name="Star4" parent="ViewportContainer/Viewport/Level/Environment/Stars" index="4"]
transform = Transform3D(-0.441429, 0.184624, 0.878074, 0.897005, 0.115165, 0.426722, -0.0223407, 0.976027, -0.216446, 7.38266, -0.640448, -28.5489)

[node name="Star5" parent="ViewportContainer/Viewport/Level/Environment/Stars" index="5"]
transform = Transform3D(-0.198991, 0.624923, 0.754873, 0.9724, 0.0302734, 0.231271, 0.121677, 0.780064, -0.613718, -15.6761, -12.3195, -16.8015)

[node name="Star6" parent="ViewportContainer/Viewport/Level/Environment/Stars" index="6"]
transform = Transform3D(-0.19899, 0.62493, 0.75487, 0.972396, 0.0302739, 0.231271, 0.121677, 0.780071, -0.613717, -5.19197, -9.71044, -23.4387)

[node name="Star7" parent="ViewportContainer/Viewport/Level/Environment/Stars" index="7"]
transform = Transform3D(-0.0546823, 0.788908, 0.612037, 0.9877, -0.0471264, 0.14899, 0.146387, 0.612664, -0.776641, 4.96988, -4.09793, -22.8141)

[node name="Star8" parent="ViewportContainer/Viewport/Level/Environment/Stars" index="8"]
transform = Transform3D(-0.441428, 0.184624, 0.878066, 0.897003, 0.115165, 0.426718, -0.0223408, 0.976029, -0.216444, 11.4846, -2.2111, -28.6013)

[node name="Star9" parent="ViewportContainer/Viewport/Level/Environment/Stars" index="9"]
transform = Transform3D(-0.330901, 0.418818, 0.845611, 0.941463, 0.0856282, 0.326, 0.0641274, 0.904006, -0.422643, -8.11722, -14.234, -17.2474)

[node name="Star10" parent="ViewportContainer/Viewport/Level/Environment/Stars" index="10"]
transform = Transform3D(-0.198992, 0.624915, 0.754864, 0.972404, 0.0302726, 0.231269, 0.121678, 0.780054, -0.61371, -0.305569, -10.7012, -23.8149)

[node name="Star11" parent="ViewportContainer/Viewport/Level/Environment/Stars" index="11"]
transform = Transform3D(-0.330903, 0.418821, 0.845601, 0.941467, 0.0856284, 0.325997, 0.0641284, 0.904012, -0.422638, 6.80394, -7.52408, -21.8665)

[node name="Star12" parent="ViewportContainer/Viewport/Level/Environment/Stars" index="12"]
transform = Transform3D(-0.330907, 0.418818, 0.84561, 0.94148, 0.0856282, 0.326, 0.0641287, 0.904006, -0.422643, 14.343, -7.28938, -27.1835)

[node name="PlayerCamera" parent="ViewportContainer/Viewport/Level" index="7"]
transform = Transform3D(0.938912, -0.0419753, 0.341586, -7.45057e-09, 0.99253, 0.121966, -0.344156, -0.114515, 0.931902, 0.496628, 2.20109, -1.29113)

[node name="ScreenOverlay" parent="." instance=ExtResource("4_p5m14")]

[editable path="ViewportContainer/Viewport/Level"]
[editable path="ViewportContainer/Viewport/Level/FollowPaths/CharacterPath"]
[editable path="ViewportContainer/Viewport/Level/FollowPaths/AlienPath"]
[editable path="ViewportContainer/Viewport/Level/FollowPaths/LamaPath"]
[editable path="ViewportContainer/Viewport/Level/FollowPaths/UfoPath"]
[editable path="ViewportContainer/Viewport/Level/FollowPaths/PlayerPath"]
[editable path="ViewportContainer/Viewport/Level/Ground/Station/Computers/Computer_01"]
[editable path="ViewportContainer/Viewport/Level/Ground/Station/Computers/Computer_03"]
[editable path="ViewportContainer/Viewport/Level/Ground/Station/Computers/Computer_04"]
[editable path="ViewportContainer/Viewport/Level/Ground/Station/Computers/Computer_05"]
[editable path="ViewportContainer/Viewport/Level/Environment"]
[editable path="ViewportContainer/Viewport/Level/Environment/Stars"]
