[gd_scene load_steps=9 format=3 uid="uid://bw70w15xhifwc"]

[ext_resource type="Shader" path="res://level/environment/materials/planet_material.gdshader" id="2_ney6o"]
[ext_resource type="PackedScene" uid="uid://uk3s0fjb5pmh" path="res://level/level.tscn" id="4_7ey7j"]
[ext_resource type="PackedScene" uid="uid://n088b8ab4tef" path="res://ui/screen_overlay.tscn" id="4_p5m14"]

[sub_resource type="FastNoiseLite" id="FastNoiseLite_kuh6x"]
noise_type = 3
frequency = 0.006
fractal_octaves = 9
fractal_lacunarity = 2.592
fractal_gain = 0.338
fractal_weighted_strength = 1.0
domain_warp_enabled = true
domain_warp_type = 1
domain_warp_amplitude = 51.022
domain_warp_frequency = -0.008
domain_warp_fractal_lacunarity = 2.973

[sub_resource type="NoiseTexture2D" id="NoiseTexture2D_e8406"]
width = 1024
height = 1024
in_3d_space = true
seamless = true
seamless_blend_skirt = 0.511
noise = SubResource("FastNoiseLite_kuh6x")

[sub_resource type="Gradient" id="Gradient_md7p6"]
interpolation_mode = 2
offsets = PackedFloat32Array(0.246212, 0.405303, 0.509202, 0.610429, 0.665644, 0.847403, 0.899351, 0.957792)
colors = PackedColorArray(0.241235, 0.181639, 0.637774, 1, 0.265675, 0.328805, 0.670102, 1, 0.321228, 0.441731, 0.877504, 1, 0.536334, 0.586287, 1, 1, 0.623842, 0.427904, 0.857562, 1, 0.696128, 0.381502, 0.827304, 1, 0.661754, 0.516994, 0.900451, 1, 0.816009, 0.638485, 0.92737, 1)

[sub_resource type="GradientTexture1D" id="GradientTexture1D_astb8"]
gradient = SubResource("Gradient_md7p6")

[sub_resource type="ShaderMaterial" id="ShaderMaterial_a6yr4"]
resource_local_to_scene = true
render_priority = 0
shader = ExtResource("2_ney6o")
shader_parameter/specular = 0.0
shader_parameter/specular_amount = 0.0
shader_parameter/specular_smoothness = 0.05
shader_parameter/wrap = 0.171
shader_parameter/rim = 0.785
shader_parameter/rim_amount = 0.651
shader_parameter/rim_smoothness = 0.642
shader_parameter/metallic = 0.0
shader_parameter/roughness = 1.0
shader_parameter/emission_energy = 0.484
shader_parameter/albedo_texture = SubResource("NoiseTexture2D_e8406")
shader_parameter/color_gradient = SubResource("GradientTexture1D_astb8")

[node name="GameWindow" type="Window"]
title = "Adventure"
position = Vector2i(375, 36)
size = Vector2i(1280, 720)
extend_to_title = true
content_scale_size = Vector2i(1280, 720)
content_scale_aspect = 1

[node name="ViewportContainer" type="SubViewportContainer" parent="."]
texture_filter = 6
texture_repeat = 1
anchors_preset = 15
anchor_right = 1.0
anchor_bottom = 1.0
grow_horizontal = 2
grow_vertical = 2
stretch = true

[node name="Viewport" type="SubViewport" parent="ViewportContainer"]
unique_name_in_owner = true
handle_input_locally = false
audio_listener_enable_3d = true
size = Vector2i(1280, 720)
render_target_update_mode = 4

[node name="Level" parent="ViewportContainer/Viewport" instance=ExtResource("4_7ey7j")]

[node name="Character" parent="ViewportContainer/Viewport/Level" index="2"]
transform = Transform3D(0.974625, 7.72406e-05, -0.22384, -6.22094e-10, 1, 0.000345068, 0.22384, -0.000336312, 0.974626, -0.909603, 0.600691, -1.69927)

[node name="CharacterPath" parent="ViewportContainer/Viewport/Level/FollowPaths" index="0"]
progress_ratio = 1.0
pivot = 0.14

[node name="RemoteTransform" parent="ViewportContainer/Viewport/Level/FollowPaths/CharacterPath" index="0"]
transform = Transform3D(0.974625, 7.72406e-05, -0.22384, -6.22094e-10, 1, 0.000345068, 0.22384, -0.000336312, 0.974626, -0.909603, 0.600691, -1.69927)

[node name="PathFollow" parent="ViewportContainer/Viewport/Level/FollowPaths/CharacterPath" index="1"]
transform = Transform3D(0.976025, 0, 0.216894, 0, 0.999798, 0, -0.216894, 0, 0.976025, -0.9, 0.6, -1.7)
progress = 17.3165

[node name="LookTargetPivot" parent="ViewportContainer/Viewport/Level/FollowPaths/CharacterPath/PathFollow" index="1"]
transform = Transform3D(0.904827, 0, -0.425779, 0, 1, 0, 0.425779, 0, 0.904827, 0, 0, 0)

[node name="RemoteTransform" parent="ViewportContainer/Viewport/Level/FollowPaths/AlienPath" index="0"]
transform = Transform3D(-0.963973, 0.000852318, 0.265983, 1.97905e-09, 0.999995, -0.00320438, -0.265984, -0.00308895, -0.963972, 0.995202, 1.29361, -4.19556)

[node name="PathFollow" parent="ViewportContainer/Viewport/Level/FollowPaths/AlienPath" index="1"]
transform = Transform3D(-0.96337, 0, 0.267603, 0, 0.999828, 0, -0.267603, 0, -0.96337, 1, 1.3, -4.2)

[node name="RemoteTransform" parent="ViewportContainer/Viewport/Level/FollowPaths/LamaPath" index="0"]
transform = Transform3D(-0.829457, 9.35151e-05, -0.558573, -2.94676e-10, 1, 0.000167419, 0.558571, 0.000138867, -0.829459, -4.69336, 1.70155, -10.3192)

[node name="PathFollow" parent="ViewportContainer/Viewport/Level/FollowPaths/LamaPath" index="1"]
transform = Transform3D(-0.829347, 0, -0.558481, 0, 0.999818, 0, 0.558481, 0, -0.829347, -4.69748, 1.70122, -10.3254)

[node name="RemoteTransform" parent="ViewportContainer/Viewport/Level/FollowPaths/UfoPath" index="0"]
transform = Transform3D(-0.813829, 0.107236, -0.571118, 2.42143e-07, 0.982823, 0.184539, 0.581098, 0.150184, -0.799851, -4.70804, 4.8628, -10.8321)

[node name="PathFollow" parent="ViewportContainer/Viewport/Level/FollowPaths/UfoPath" index="1"]
transform = Transform3D(-0.81839, 0.024033, -0.573938, -0.100701, 0.977489, 0.184525, 0.565547, 0.208829, -0.797676, -4.71558, 4.86339, -10.8304)

[node name="PlayerPath" parent="ViewportContainer/Viewport/Level/FollowPaths" index="4"]
progress_ratio = 1.0

[node name="RemoteTransform" parent="ViewportContainer/Viewport/Level/FollowPaths/PlayerPath" index="0"]
transform = Transform3D(0.938175, -0.0421021, 0.34359, -1.86264e-09, 0.992573, 0.121627, -0.34616, -0.114107, 0.93121, 0.501433, 2.20068, -1.29038)

[node name="PathFollow" parent="ViewportContainer/Viewport/Level/FollowPaths/PlayerPath" index="1"]
transform = Transform3D(0.980414, 0, 0.196083, 0, 0.999798, 0, -0.196083, 0, 0.980414, 0.5, 2.2, -1.3)
progress = 16.6667

[node name="LamaLost" parent="ViewportContainer/Viewport/Level/Ground/PlanetStardust" index="0"]
transform = Transform3D(-0.829457, 9.35151e-05, -0.558573, -2.94676e-10, 1, 0.000167419, 0.558571, 0.000138867, -0.829459, -4.69336, 1.70155, -10.3192)

[node name="lama" parent="ViewportContainer/Viewport/Level/Ground/PlanetStardust/LamaLost" index="2"]
transform = Transform3D(-3.61999e-06, 0, -1, 0, 1, 0, 1, 0, -3.61999e-06, 0, 0.1875, -0.359375)

[node name="ear_right" parent="ViewportContainer/Viewport/Level/Ground/PlanetStardust/LamaLost/lama/neck/head" index="0"]
transform = Transform3D(0.866025, -0.5, 0, 0.5, 0.866025, 0, 0, 0, 1, 0.015625, 0.171875, -0.0703125)

[node name="ear_left" parent="ViewportContainer/Viewport/Level/Ground/PlanetStardust/LamaLost/lama/neck/head" index="1"]
transform = Transform3D(0.866023, -0.500004, 0, 0.500003, 0.866024, 1.22465e-16, 6.12329e-17, 1.06058e-16, -1, 0.015625, 0.171875, 0.0546875)

[node name="leg_front_left" parent="ViewportContainer/Viewport/Level/Ground/PlanetStardust/LamaLost/lama" index="3"]
transform = Transform3D(-1, 1.22465e-16, -2.53518e-06, 1.22465e-16, 1, 1.22465e-16, 2.53518e-06, 1.22465e-16, -1, 0.170001, 0.25, 0.11989)

[node name="leg_back_left" parent="ViewportContainer/Viewport/Level/Ground/PlanetStardust/LamaLost/lama" index="4"]
transform = Transform3D(-1, 1.22465e-16, -2.53518e-06, 1.22465e-16, 1, 1.22465e-16, 2.53518e-06, 1.22465e-16, -1, 0.59375, 0.25, 0.132813)

[node name="Ufo" parent="ViewportContainer/Viewport/Level/Ground/PlanetStardust" index="1"]
transform = Transform3D(-0.813829, 0.107236, -0.571118, 2.42143e-07, 0.982823, 0.184539, 0.581098, 0.150184, -0.799851, -4.70804, 4.8628, -10.8321)

[node name="Alien" parent="ViewportContainer/Viewport/Level/Ground/PlanetStardust" index="2"]
transform = Transform3D(-0.963946, 0.000852068, 0.265931, 1.979e-09, 0.999701, -0.00320375, -0.265976, -0.00308804, -0.963781, 0.995202, 1.29361, -4.19556)

[node name="Planet" parent="ViewportContainer/Viewport/Level/Environment/PlanetPivot" index="0"]
surface_material_override/0 = SubResource("ShaderMaterial_a6yr4")

[node name="Stars" parent="ViewportContainer/Viewport/Level/Environment" index="4"]
star1_progress = 1.0
star2_progress = 1.0
star3_progress = 1.0
star4_progress = 1.0
star5_progress = 1.0
star6_progress = 1.0
star7_progress = 1.0
star8_progress = 1.0
star9_progress = 1.0
star10_progress = 1.0
star11_progress = 1.0

[node name="PathFollow3D" parent="ViewportContainer/Viewport/Level/Environment/Stars/Paths/StarPath3D1" index="0"]
transform = Transform3D(-0.275638, -0.458084, 0.844928, -0.0100671, 0.880321, 0.473984, -0.961058, 0.12216, -0.247296, -7.45058e-09, -7.45058e-09, 3.72529e-09)
progress = 113.357

[node name="PathFollow3D" parent="ViewportContainer/Viewport/Level/Environment/Stars/Paths/StarPath3D2" index="0"]
transform = Transform3D(-0.275645, -0.458093, 0.844956, -0.0100673, 0.880338, 0.474, -0.961082, 0.122163, -0.247304, -7.45058e-09, -7.45058e-09, 3.72529e-09)
progress = 113.357

[node name="PathFollow3D" parent="ViewportContainer/Viewport/Level/Environment/Stars/Paths/StarPath3D3" index="0"]
transform = Transform3D(-0.275647, -0.458102, 0.844955, -0.0100674, 0.880355, 0.473999, -0.961089, 0.122165, -0.247304, -7.45058e-09, -7.45058e-09, 3.72529e-09)
progress = 113.357

[node name="PathFollow3D" parent="ViewportContainer/Viewport/Level/Environment/Stars/Paths/StarPath3D4" index="0"]
transform = Transform3D(-0.275648, -0.4581, 0.844955, -0.0100674, 0.880352, 0.473999, -0.961092, 0.122165, -0.247304, -7.45058e-09, -7.45058e-09, 3.72529e-09)
progress = 113.357

[node name="PathFollow3D" parent="ViewportContainer/Viewport/Level/Environment/Stars/Paths/StarPath3D5" index="0"]
transform = Transform3D(-0.275635, -0.458073, 0.844922, -0.010067, 0.880299, 0.47398, -0.961049, 0.122157, -0.247294, -7.45058e-09, -7.45058e-09, 3.72529e-09)
progress = 113.357

[node name="PathFollow3D" parent="ViewportContainer/Viewport/Level/Environment/Stars/Paths/StarPath3D6" index="0"]
transform = Transform3D(-0.275642, -0.458088, 0.844936, -0.0100672, 0.880329, 0.473989, -0.961074, 0.122161, -0.247298, -7.45058e-09, -7.45058e-09, 3.72529e-09)
progress = 113.357

[node name="PathFollow3D" parent="ViewportContainer/Viewport/Level/Environment/Stars/Paths/StarPath3D7" index="0"]
transform = Transform3D(-0.275647, -0.458094, 0.844957, -0.0100674, 0.88034, 0.474, -0.96109, 0.122163, -0.247304, -7.45058e-09, -7.45058e-09, 3.72529e-09)
progress = 113.357

[node name="PathFollow3D" parent="ViewportContainer/Viewport/Level/Environment/Stars/Paths/StarPath3D8" index="0"]
transform = Transform3D(-0.275647, -0.458103, 0.844953, -0.0100674, 0.880356, 0.473998, -0.961091, 0.122165, -0.247303, -7.45058e-09, -7.45058e-09, 3.72529e-09)
progress = 113.357

[node name="PathFollow3D" parent="ViewportContainer/Viewport/Level/Environment/Stars/Paths/StarPath3D9" index="0"]
transform = Transform3D(-0.275647, -0.458099, 0.844952, -0.0100674, 0.88035, 0.473997, -0.961091, 0.122164, -0.247303, -7.45058e-09, -7.45058e-09, 3.72529e-09)
progress = 113.357

[node name="PathFollow3D" parent="ViewportContainer/Viewport/Level/Environment/Stars/Paths/StarPath3D10" index="0"]
transform = Transform3D(-0.275635, -0.458072, 0.84492, -0.010067, 0.880298, 0.473979, -0.961048, 0.122157, -0.247294, -7.45058e-09, -7.45058e-09, 3.72529e-09)
progress = 113.357

[node name="PathFollow3D" parent="ViewportContainer/Viewport/Level/Environment/Stars/Paths/StarPath3D11" index="0"]
transform = Transform3D(-0.275646, -0.458098, 0.844948, -0.0100674, 0.880346, 0.473995, -0.961087, 0.122164, -0.247302, -7.45058e-09, -7.45058e-09, 3.72529e-09)
progress = 113.357

[node name="PathFollow3D" parent="ViewportContainer/Viewport/Level/Environment/Stars/Paths/StarPath3D12" index="0"]
transform = Transform3D(-0.275637, -0.458073, 0.84492, -0.010067, 0.880299, 0.473979, -0.961054, 0.122157, -0.247294, -7.45058e-09, -7.45058e-09, 3.72529e-09)
progress = 113.357

[node name="Star1" parent="ViewportContainer/Viewport/Level/Environment/Stars" index="1"]
transform = Transform3D(-0.501501, -0.0465832, 0.863843, 0.482339, 0.81382, 0.323929, -0.718112, 0.579155, -0.385698, -12.2438, -6.52518, -19.3794)

[node name="Star2" parent="ViewportContainer/Viewport/Level/Environment/Stars" index="2"]
transform = Transform3D(-0.304432, 0.431811, 0.848987, 0.689001, 0.715259, -0.116733, -0.657689, 0.549434, -0.515271, -3.05664, -5.56202, -25.2363)

[node name="Star3" parent="ViewportContainer/Viewport/Level/Environment/Stars" index="3"]
transform = Transform3D(-0.501525, -0.0465841, 0.863846, 0.482363, 0.813841, 0.323929, -0.718149, 0.57917, -0.385699, 1.21176, -1.14615, -23.3054)

[node name="Star4" parent="ViewportContainer/Viewport/Level/Environment/Stars" index="4"]
transform = Transform3D(-0.417153, 0.199393, 0.88667, 0.598125, 0.79477, 0.102674, -0.68424, 0.573182, -0.450814, 7.38266, -0.64045, -28.5489)

[node name="Star5" parent="ViewportContainer/Viewport/Level/Environment/Stars" index="5"]
transform = Transform3D(-0.171049, 0.634837, 0.753436, 0.748802, 0.580743, -0.319343, -0.640309, 0.509556, -0.574721, -15.6761, -12.3195, -16.8015)

[node name="Star6" parent="ViewportContainer/Viewport/Level/Environment/Stars" index="6"]
transform = Transform3D(-0.171047, 0.634846, 0.753433, 0.748795, 0.58075, -0.319343, -0.640303, 0.509562, -0.57472, -5.19197, -9.71044, -23.4387)

[node name="Star7" parent="ViewportContainer/Viewport/Level/Environment/Stars" index="7"]
transform = Transform3D(-0.0260923, 0.794639, 0.606474, 0.773455, 0.40039, -0.491337, -0.633287, 0.456269, -0.625073, 4.96988, -4.09793, -22.8141)

[node name="Star8" parent="ViewportContainer/Viewport/Level/Environment/Stars" index="8"]
transform = Transform3D(-0.417154, 0.199393, 0.886658, 0.598127, 0.794771, 0.102673, -0.684242, 0.573183, -0.450808, 11.4846, -2.2111, -28.6013)

[node name="Star9" parent="ViewportContainer/Viewport/Level/Environment/Stars" index="9"]
transform = Transform3D(-0.304429, 0.431815, 0.848999, 0.688993, 0.715263, -0.116736, -0.657681, 0.549437, -0.515279, -8.11722, -14.234, -17.2474)

[node name="Star10" parent="ViewportContainer/Viewport/Level/Environment/Stars" index="10"]
transform = Transform3D(-0.171048, 0.634827, 0.753423, 0.748797, 0.580735, -0.319337, -0.640304, 0.509549, -0.57471, -0.305569, -10.7012, -23.8149)

[node name="Star11" parent="ViewportContainer/Viewport/Level/Environment/Stars" index="11"]
transform = Transform3D(-0.304431, 0.431816, 0.848991, 0.688997, 0.715266, -0.116734, -0.657684, 0.54944, -0.515275, 6.80394, -7.52408, -21.8665)

[node name="Star12" parent="ViewportContainer/Viewport/Level/Environment/Stars" index="12"]
transform = Transform3D(-0.304429, 0.43181, 0.848984, 0.688993, 0.715255, -0.116734, -0.657681, 0.549431, -0.515271, 14.343, -7.28938, -27.1835)

[node name="PlayerCamera" parent="ViewportContainer/Viewport/Level" index="7"]
transform = Transform3D(0.938175, -0.0421021, 0.34359, -1.86264e-09, 0.992573, 0.121627, -0.34616, -0.114107, 0.93121, 0.501433, 2.20068, -1.29038)

[node name="ScreenOverlay" parent="." instance=ExtResource("4_p5m14")]

[editable path="ViewportContainer/Viewport/Level"]
[editable path="ViewportContainer/Viewport/Level/FollowPaths/CharacterPath"]
[editable path="ViewportContainer/Viewport/Level/FollowPaths/AlienPath"]
[editable path="ViewportContainer/Viewport/Level/FollowPaths/LamaPath"]
[editable path="ViewportContainer/Viewport/Level/FollowPaths/UfoPath"]
[editable path="ViewportContainer/Viewport/Level/FollowPaths/PlayerPath"]
[editable path="ViewportContainer/Viewport/Level/Ground/Station/Computers/Computer_01"]
[editable path="ViewportContainer/Viewport/Level/Ground/Station/Computers/Computer_03"]
[editable path="ViewportContainer/Viewport/Level/Ground/Station/Computers/Computer_04"]
[editable path="ViewportContainer/Viewport/Level/Ground/Station/Computers/Computer_05"]
[editable path="ViewportContainer/Viewport/Level/Ground/PlanetStardust/LamaLost"]
[editable path="ViewportContainer/Viewport/Level/Environment"]
[editable path="ViewportContainer/Viewport/Level/Environment/Stars"]
