[gd_scene load_steps=9 format=3 uid="uid://bw70w15xhifwc"]

[ext_resource type="Script" path="res://ui/game_window.gd" id="1_b56ai"]
[ext_resource type="Shader" path="res://shaders/toon.gdshader" id="3_pturu"]
[ext_resource type="PackedScene" uid="uid://dahkxa81prn10" path="res://level/level.tscn" id="4_7ey7j"]
[ext_resource type="PackedScene" uid="uid://cq3x5n33r2d8c" path="res://characters/character/character.tscn" id="6_8i88j"]
[ext_resource type="PackedScene" uid="uid://ciaubij6uaqb8" path="res://characters/player/player.tscn" id="7_mwy2h"]
[ext_resource type="PackedScene" uid="uid://327fug3x7j7" path="res://ui/dialogue_balloon/dialogue_balloon.tscn" id="8_ixeqy"]

[sub_resource type="AnimationNodeStateMachinePlayback" id="AnimationNodeStateMachinePlayback_8wvt6"]

[sub_resource type="ShaderMaterial" id="ShaderMaterial_15lxc"]
resource_local_to_scene = true
render_priority = 0
shader = ExtResource("3_pturu")
shader_parameter/albedo = Color(1, 1, 1, 1)
shader_parameter/specular = 0.5
shader_parameter/specular_amount = 0.5
shader_parameter/specular_smoothness = 0.05
shader_parameter/wrap = 0.25
shader_parameter/rim = 0.5
shader_parameter/rim_amount = 0.2
shader_parameter/rim_smoothness = 0.05
shader_parameter/metallic = 0.0
shader_parameter/roughness = 1.0
shader_parameter/emission = Color(0, 0, 0, 1)
shader_parameter/emission_energy = 1.0

[node name="GameWindow" type="Window"]
initial_position = 1
title = "Adventure"
size = Vector2i(1280, 720)
content_scale_size = Vector2i(1280, 720)
content_scale_mode = 1
content_scale_aspect = 1
script = ExtResource("1_b56ai")

[node name="ViewportContainer" type="SubViewportContainer" parent="."]
anchors_preset = 15
anchor_right = 1.0
anchor_bottom = 1.0
grow_horizontal = 2
grow_vertical = 2
stretch = true

[node name="Viewport" type="SubViewport" parent="ViewportContainer"]
unique_name_in_owner = true
handle_input_locally = false
size = Vector2i(1280, 720)
render_target_update_mode = 4

[node name="Level" parent="ViewportContainer/Viewport" instance=ExtResource("4_7ey7j")]
state = "stars_light"

[node name="StateTree" parent="ViewportContainer/Viewport/Level" index="0"]
parameters/playback = SubResource("AnimationNodeStateMachinePlayback_8wvt6")

[node name="Planet" parent="ViewportContainer/Viewport/Level" index="2"]
transform = Transform3D(-0.249969, 0, -0.00392246, 0, 0.25, 0, 0.00392246, 0, -0.249969, 3.72275, 28.7924, -54.9282)
surface_material_override/0 = SubResource("ShaderMaterial_15lxc")

[node name="Character" parent="ViewportContainer/Viewport" instance=ExtResource("6_8i88j")]
transform = Transform3D(0.963162, 0, -0.268902, 0, 1, 0, 0.268902, 0, 0.963165, -6.33502, 2.10132, 0.0940139)
state = "sitting"
action = "talking"

[node name="Player" parent="ViewportContainer/Viewport" instance=ExtResource("7_mwy2h")]
follow_speed = 1.96
turn_speed = 4.469
distance_buffer = 3.438
distance_boost = 2.904
position_progress = 1.0
view_progress = 0.712

[node name="Camera3D" parent="ViewportContainer/Viewport/Player" index="0"]
transform = Transform3D(0.981139, 0.0214196, 0.192115, 1.21072e-08, 0.993842, -0.110807, -0.193305, 0.108717, 0.975097, 0.644462, 2.11934, -1.06431)

[node name="PositionTarget" parent="ViewportContainer/Viewport/Player/PositionPath" index="0"]
transform = Transform3D(-0.893936, 0.16336, 0.417198, -0.079237, 0.858779, -0.506041, -0.440982, -0.485463, -0.754794, 6.02882, 0.267064, -1.10186)
progress = 10.3964

[node name="ViewTarget" parent="ViewportContainer/Viewport/Player/ViewPath" index="0"]
transform = Transform3D(-0.945543, -0.120516, 0.302094, -0.168648, 0.975804, -0.138577, -0.278107, -0.181994, -0.943062, 6.76044, 0.719502, -3.31452)
progress = 13.8337

[node name="DialogueBalloon" parent="ViewportContainer/Viewport" instance=ExtResource("8_ixeqy")]
unique_name_in_owner = true
visible = false
custom_minimum_size = Vector2(1280, 720)

[editable path="ViewportContainer/Viewport/Level"]
[editable path="ViewportContainer/Viewport/Level/Environment"]
[editable path="ViewportContainer/Viewport/Player"]
