[gd_scene load_steps=8 format=3 uid="uid://bw70w15xhifwc"]

[ext_resource type="Script" path="res://ui/game_window.gd" id="1_b56ai"]
[ext_resource type="PackedScene" uid="uid://dahkxa81prn10" path="res://level/level.tscn" id="4_7ey7j"]
[ext_resource type="PackedScene" uid="uid://dftilry51e2f6" path="res://characters/character/character_path.tscn" id="6_3ngje"]
[ext_resource type="PackedScene" uid="uid://cq3x5n33r2d8c" path="res://characters/character/character.tscn" id="6_8i88j"]
[ext_resource type="PackedScene" uid="uid://ciaubij6uaqb8" path="res://characters/player/player.tscn" id="7_mwy2h"]

[sub_resource type="AnimationNodeStateMachinePlayback" id="AnimationNodeStateMachinePlayback_8wvt6"]

[sub_resource type="Curve3D" id="Curve3D_1ax01"]

[node name="GameWindow" type="Window"]
initial_position = 1
title = "Adventure"
size = Vector2i(1280, 720)
content_scale_size = Vector2i(1280, 720)
content_scale_mode = 1
content_scale_aspect = 1
script = ExtResource("1_b56ai")

[node name="ViewportContainer" type="SubViewportContainer" parent="."]
anchors_preset = 15
anchor_right = 1.0
anchor_bottom = 1.0
grow_horizontal = 2
grow_vertical = 2
stretch = true

[node name="Viewport" type="SubViewport" parent="ViewportContainer"]
unique_name_in_owner = true
handle_input_locally = false
size = Vector2i(1280, 720)
render_target_update_mode = 4

[node name="Level" parent="ViewportContainer/Viewport" instance=ExtResource("4_7ey7j")]
state = "warp"

[node name="StateTree" parent="ViewportContainer/Viewport/Level" index="0"]
active = false
parameters/playback = SubResource("AnimationNodeStateMachinePlayback_8wvt6")

[node name="Spaceship" parent="ViewportContainer/Viewport/Level" index="1"]
screen_state = "visualizer"
fuel_level = 8

[node name="Planet" parent="ViewportContainer/Viewport/Level" index="2"]
transform = Transform3D(-4.99938, 0, -0.0784492, 0, 5, 0, 0.0784492, 0, -4.99938, 0, 2.5, -32)

[node name="OmniLight3D" type="OmniLight3D" parent="ViewportContainer/Viewport/Level/Planet" index="0"]
omni_range = 24.053
omni_attenuation = 0.366022

[node name="WorldLight" parent="ViewportContainer/Viewport/Level" index="3"]
light_energy = 0.01

[node name="Environment" parent="ViewportContainer/Viewport/Level" index="4"]
ground_color = Color(0.756863, 0.576471, 0.913725, 1)
fog_color = Color(0.290196, 0.168627, 0.403922, 1)
horizon_height = -64.0

[node name="Ground" parent="ViewportContainer/Viewport/Level/Environment" index="1"]
transform = Transform3D(1, 0, 0, 0, 1, 0, 0, 0, 1, 0, -64, 0)

[node name="space_station" parent="ViewportContainer/Viewport/Level/Environment/Ground" index="2"]
visible = false

[node name="planet_stardust" parent="ViewportContainer/Viewport/Level/Environment/Ground" index="3"]
visible = true

[node name="Stars" parent="ViewportContainer/Viewport/Level" index="5"]
transform = Transform3D(1, 0, 0, 0, 1, 0, 0, 0, 1, -0.375521, 0.266819, 19.2373)
depth = 0.657
width = 7.604
height = 6.487

[node name="CharacterPath" type="Path3D" parent="ViewportContainer/Viewport/Level"]
curve = SubResource("Curve3D_1ax01")

[node name="Character" parent="ViewportContainer/Viewport" instance=ExtResource("6_8i88j")]
transform = Transform3D(-0.999579, 0.0221079, -0.00606534, 0.0221076, 0.999593, 0.00013414, 0.00606677, -4.63573e-09, -0.999823, -0.835455, 0.621442, -1.69756)
action = "talking"

[node name="Player" parent="ViewportContainer/Viewport" instance=ExtResource("7_mwy2h")]
follow_speed = 2.1
turn_speed = 2.981
max_distance = 2.9
position_progress = 1.0
view_progress = 0.94

[node name="Camera3D" parent="ViewportContainer/Viewport/Player" index="0"]
transform = Transform3D(0.990982, 0.0019487, 0.133984, 8.73115e-10, 0.999894, -0.0145428, -0.133998, 0.0144116, 0.990877, 0.53213, 2.10987, -1.38524)

[node name="PositionPath" parent="ViewportContainer/Viewport/Player" index="1"]
visible = false

[node name="PositionTarget" parent="ViewportContainer/Viewport/Player/PositionPath" index="0"]
transform = Transform3D(-0.320023, 0.0684194, 0.944758, -0.509408, 0.828301, -0.232537, -0.798609, -0.555765, -0.230261, 5.91648, 0.20595, -1.42279)
progress = 16.1706

[node name="ViewPath" parent="ViewportContainer/Viewport/Player" index="2"]
visible = false

[node name="ViewTarget" parent="ViewportContainer/Viewport/Player/ViewPath" index="0"]
transform = Transform3D(-0.0480739, 0.457993, 0.887478, -0.195069, 0.867078, -0.45804, -0.979455, -0.195167, 0.0476641, 7.12456, 0.219234, -1.69537)
progress = 12.1251

[node name="CharacterPath" parent="ViewportContainer/Viewport" instance=ExtResource("6_3ngje")]
progress = 1.0

[node name="PathFollow" parent="ViewportContainer/Viewport/CharacterPath" index="0"]
transform = Transform3D(0.00308591, 0, -0.999836, 0, 0.999837, 0, 0.999836, 0, 0.00308591, -0.848991, 0.602817, -1.69756)
progress = 8.94866
rotation_mode = 1

[node name="RemoteTransform3D" parent="ViewportContainer/Viewport/CharacterPath/PathFollow" index="1"]
transform = Transform3D(0.00298136, -4.65661e-09, -0.999996, -6.98492e-09, 1, -6.51926e-09, 0.999996, 6.51926e-09, 0.00298141, 0, 0, 0)

[editable path="ViewportContainer/Viewport/Level"]
[editable path="ViewportContainer/Viewport/Level/Environment"]
[editable path="ViewportContainer/Viewport/Player"]
[editable path="ViewportContainer/Viewport/CharacterPath"]
