[gd_scene load_steps=9 format=3 uid="uid://bw70w15xhifwc"]

[ext_resource type="Shader" path="res://level/environment/materials/planet_material.gdshader" id="2_7i4eg"]
[ext_resource type="PackedScene" uid="uid://uk3s0fjb5pmh" path="res://level/level.tscn" id="4_7ey7j"]
[ext_resource type="PackedScene" uid="uid://n088b8ab4tef" path="res://ui/screen_overlay.tscn" id="4_p5m14"]

[sub_resource type="FastNoiseLite" id="FastNoiseLite_kuh6x"]
noise_type = 3
frequency = 0.0055
fractal_octaves = 9
fractal_lacunarity = 2.592
fractal_gain = 0.338
fractal_weighted_strength = 1.0
domain_warp_enabled = true
domain_warp_type = 1
domain_warp_amplitude = 51.022
domain_warp_frequency = -0.008
domain_warp_fractal_lacunarity = 2.973

[sub_resource type="NoiseTexture2D" id="NoiseTexture2D_e8406"]
width = 1024
height = 1024
in_3d_space = true
seamless = true
seamless_blend_skirt = 0.582
noise = SubResource("FastNoiseLite_kuh6x")

[sub_resource type="Gradient" id="Gradient_md7p6"]
interpolation_mode = 2
offsets = PackedFloat32Array(0, 0.138173, 0.163934, 0.384075, 0.428571, 0.545667, 0.59719, 0.857143, 1)
colors = PackedColorArray(0.995917, 0.639579, 0.67719, 1, 0.998306, 0.62802, 0.63754, 1, 1.01695, 0.529085, 0.302927, 1, 1, 0.514859, 0.306439, 1, 0.787355, 0.430083, 0.620272, 1, 0.726091, 0.405851, 0.711271, 1, 0.553544, 0.337229, 0.968107, 1, 0.531121, 0.323095, 0.999986, 1, 0.483972, 0.136825, 0.999964, 1)

[sub_resource type="GradientTexture1D" id="GradientTexture1D_astb8"]
gradient = SubResource("Gradient_md7p6")

[sub_resource type="ShaderMaterial" id="ShaderMaterial_e8h4i"]
resource_local_to_scene = true
render_priority = 0
shader = ExtResource("2_7i4eg")
shader_parameter/specular = 0.5
shader_parameter/specular_amount = 0.5
shader_parameter/specular_smoothness = 0.05
shader_parameter/wrap = 0.171
shader_parameter/rim = 0.727
shader_parameter/rim_amount = 0.651
shader_parameter/rim_smoothness = 1.0
shader_parameter/metallic = 0.0
shader_parameter/roughness = 0.608
shader_parameter/emission_energy = 0.27
shader_parameter/albedo_texture = SubResource("NoiseTexture2D_e8406")
shader_parameter/color_gradient = SubResource("GradientTexture1D_astb8")

[node name="GameWindow" type="Window"]
title = "Adventure"
position = Vector2i(222, 36)
size = Vector2i(1280, 720)
extend_to_title = true
content_scale_size = Vector2i(1280, 720)
content_scale_aspect = 1

[node name="ViewportContainer" type="SubViewportContainer" parent="."]
texture_filter = 6
texture_repeat = 1
anchors_preset = 15
anchor_right = 1.0
anchor_bottom = 1.0
grow_horizontal = 2
grow_vertical = 2
stretch = true

[node name="Viewport" type="SubViewport" parent="ViewportContainer"]
unique_name_in_owner = true
handle_input_locally = false
audio_listener_enable_3d = true
size = Vector2i(1280, 720)
render_target_update_mode = 4

[node name="Level" parent="ViewportContainer/Viewport" instance=ExtResource("4_7ey7j")]
journey_progress = 0.42872

[node name="Character" parent="ViewportContainer/Viewport/Level" index="1"]
transform = Transform3D(0.532434, 0.000200386, -0.846472, -1.23691e-10, 1, 0.00023673, 0.846471, -0.000126043, 0.532434, -0.909772, 0.600475, -1.7004)

[node name="Spaceship" parent="ViewportContainer/Viewport/Level" index="2"]
progress_bar = 0.42872

[node name="CharacterPath" parent="ViewportContainer/Viewport/Level/FollowPaths" index="0"]
progress_ratio = 1.0

[node name="RemoteTransform" parent="ViewportContainer/Viewport/Level/FollowPaths/CharacterPath" index="0"]
transform = Transform3D(0.532434, 0.000200386, -0.846472, -1.23691e-10, 1, 0.00023673, 0.846471, -0.000126043, 0.532434, -0.909772, 0.600475, -1.7004)

[node name="PathFollow" parent="ViewportContainer/Viewport/Level/FollowPaths/CharacterPath" index="1"]
transform = Transform3D(0.976023, 0, 0.216894, 0, 0.999798, 0, -0.216894, 0, 0.976023, -0.9, 0.6, -1.7)
progress = 17.3165

[node name="RemoteTransform" parent="ViewportContainer/Viewport/Level/FollowPaths/AlienPath" index="0"]
transform = Transform3D(-0.837237, -0.0858053, 0.540065, 1.00583e-07, 0.98761, 0.156913, -0.546836, 0.131373, -0.82687, 0.92899, 1.7448, -4.22118)

[node name="PathFollow" parent="ViewportContainer/Viewport/Level/FollowPaths/AlienPath" index="1"]
transform = Transform3D(-0.979678, -0.00775564, 0.199664, 0, 0.999078, 0.0388096, -0.199813, 0.0380258, -0.978948, 0.926652, 1.74474, -4.21172)

[node name="RemoteTransform" parent="ViewportContainer/Viewport/Level/FollowPaths/LamaPath" index="0"]
transform = Transform3D(-0.829456, 9.3515e-05, -0.558573, -7.63975e-11, 1, 0.000167419, 0.558571, 0.000138866, -0.829459, -4.69336, 1.70155, -10.3192)

[node name="PathFollow" parent="ViewportContainer/Viewport/Level/FollowPaths/LamaPath" index="1"]
transform = Transform3D(-0.829347, 0, -0.558481, 0, 0.999818, 0, 0.558481, 0, -0.829347, -4.69748, 1.70122, -10.3254)

[node name="RemoteTransform" parent="ViewportContainer/Viewport/Level/FollowPaths/UfoPath" index="0"]
transform = Transform3D(-0.810642, 0.110939, -0.574935, -2.34693e-07, 0.981886, 0.189464, 0.58554, 0.153588, -0.79596, -4.89234, 4.92099, -11.0756)

[node name="PathFollow" parent="ViewportContainer/Viewport/Level/FollowPaths/UfoPath" index="1"]
transform = Transform3D(-0.817651, 0.0269803, -0.574864, -0.100943, 0.976533, 0.189409, 0.566576, 0.212918, -0.795865, -4.89786, 4.92275, -11.0832)

[node name="PlayerPath" parent="ViewportContainer/Viewport/Level/FollowPaths" index="4"]
progress_ratio = 1.0

[node name="RemoteTransform" parent="ViewportContainer/Viewport/Level/FollowPaths/PlayerPath" index="0"]
transform = Transform3D(0.981518, 0.00330729, 0.191339, 5.00586e-09, 0.999851, -0.0172824, -0.191368, 0.016963, 0.98137, 0.490304, 2.20036, -1.29916)

[node name="PathFollow" parent="ViewportContainer/Viewport/Level/FollowPaths/PlayerPath" index="1"]
transform = Transform3D(0.980428, 0, 0.196086, 0, 0.999798, 0, -0.196086, 0, 0.980428, 0.5, 2.2, -1.3)
progress = 16.6667

[node name="Ground" parent="ViewportContainer/Viewport/Level" index="4"]
transform = Transform3D(1, 0, 0, 0, 1, 0, 0, 0, 1, 0, -128, 0)

[node name="Station" parent="ViewportContainer/Viewport/Level/Ground" index="0"]
visible = true

[node name="PlanetStardust" parent="ViewportContainer/Viewport/Level/Ground" index="1"]
visible = false

[node name="Alien" parent="ViewportContainer/Viewport/Level/Ground/PlanetStardust" index="0"]
transform = Transform3D(-0.837115, -0.0857887, 0.539985, 1.00568e-07, 0.98742, 0.15689, -0.546756, 0.131348, -0.826748, 0.92899, 1.7448, -4.22118)

[node name="LamaLost" parent="ViewportContainer/Viewport/Level/Ground/PlanetStardust" index="1"]
transform = Transform3D(-0.829456, 9.3515e-05, -0.558573, -7.63975e-11, 1, 0.000167419, 0.558571, 0.000138866, -0.829459, -4.69336, 1.70155, -10.3192)

[node name="Ufo" parent="ViewportContainer/Viewport/Level/Ground/PlanetStardust" index="2"]
transform = Transform3D(-0.810642, 0.110939, -0.574935, -2.34693e-07, 0.981886, 0.189464, 0.58554, 0.153588, -0.79596, -4.89234, 4.92099, -11.0756)

[node name="Environment" parent="ViewportContainer/Viewport/Level" index="5"]
altitude = 1.0
planet_distance = 0.57128
stars_progress = 0.709396

[node name="Ground" parent="ViewportContainer/Viewport/Level/Environment" index="1"]
transform = Transform3D(1, 0, 0, 0, 1, 0, 0, 0, 1, 0, -128, 0)

[node name="PlanetPivot" parent="ViewportContainer/Viewport/Level/Environment" index="2"]
transform = Transform3D(1, 0, 0, 0, 0.917424, -0.397911, 0, 0.397911, 0.917424, 0, 0, 0)

[node name="Planet" parent="ViewportContainer/Viewport/Level/Environment/PlanetPivot" index="0"]
transform = Transform3D(-0.1862, -0.00194014, -0.0044732, 0, 0.170883, -0.0741164, 0.00487582, -0.074091, -0.170825, 0, 0, -61.5809)
surface_material_override/0 = SubResource("ShaderMaterial_e8h4i")

[node name="WorldLight" parent="ViewportContainer/Viewport/Level/Environment" index="3"]
light_energy = 0.01

[node name="Stars" parent="ViewportContainer/Viewport/Level/Environment" index="4"]
transform = Transform3D(0.850844, 0.524145, -0.0365295, -0.525312, 0.847245, -0.0788942, -0.0104026, 0.0863162, 0.996214, 0, 48.1131, 78.9213)
star1_progress = 1.0
star2_progress = 1.0
star3_progress = 1.0
star4_progress = 1.0
star5_progress = 1.0
star6_progress = 1.0
star7_progress = 1.0
star8_progress = 1.0
star9_progress = 1.0
star10_progress = 1.0
star11_progress = 1.0
star12_progress = 1.0

[node name="PlayerCamera" parent="ViewportContainer/Viewport/Level" index="6"]
transform = Transform3D(0.981518, 0.00330729, 0.191339, 5.00586e-09, 0.999851, -0.0172824, -0.191368, 0.016963, 0.98137, 0.490304, 2.20036, -1.29916)

[node name="ScreenOverlay" parent="." instance=ExtResource("4_p5m14")]

[editable path="ViewportContainer/Viewport/Level"]
[editable path="ViewportContainer/Viewport/Level/FollowPaths/CharacterPath"]
[editable path="ViewportContainer/Viewport/Level/FollowPaths/AlienPath"]
[editable path="ViewportContainer/Viewport/Level/FollowPaths/LamaPath"]
[editable path="ViewportContainer/Viewport/Level/FollowPaths/UfoPath"]
[editable path="ViewportContainer/Viewport/Level/FollowPaths/PlayerPath"]
[editable path="ViewportContainer/Viewport/Level/Ground/Station/Computers/Computer_01"]
[editable path="ViewportContainer/Viewport/Level/Ground/Station/Computers/Computer_03"]
[editable path="ViewportContainer/Viewport/Level/Ground/Station/Computers/Computer_04"]
[editable path="ViewportContainer/Viewport/Level/Ground/Station/Computers/Computer_05"]
[editable path="ViewportContainer/Viewport/Level/Environment"]
