[gd_scene load_steps=10 format=3 uid="uid://bw70w15xhifwc"]

[ext_resource type="Shader" path="res://level/environment/materials/planet_material.gdshader" id="2_gujbd"]
[ext_resource type="PackedScene" uid="uid://uk3s0fjb5pmh" path="res://level/level.tscn" id="4_7ey7j"]
[ext_resource type="PackedScene" uid="uid://n088b8ab4tef" path="res://ui/screen_overlay.tscn" id="4_p5m14"]

[sub_resource type="AnimationNodeStateMachinePlayback" id="AnimationNodeStateMachinePlayback_wyxcb"]

[sub_resource type="FastNoiseLite" id="FastNoiseLite_kuh6x"]
noise_type = 3
frequency = 0.0055
fractal_octaves = 9
fractal_lacunarity = 2.592
fractal_gain = 0.338
fractal_weighted_strength = 1.0
domain_warp_enabled = true
domain_warp_type = 1
domain_warp_amplitude = 51.022
domain_warp_frequency = -0.008
domain_warp_fractal_lacunarity = 2.973

[sub_resource type="NoiseTexture2D" id="NoiseTexture2D_e8406"]
width = 1024
height = 1024
in_3d_space = true
seamless = true
seamless_blend_skirt = 0.582
noise = SubResource("FastNoiseLite_kuh6x")

[sub_resource type="Gradient" id="Gradient_md7p6"]
interpolation_mode = 2
offsets = PackedFloat32Array(0.246212, 0.405303, 0.575758, 0.643939, 0.720779, 0.847403, 0.883117, 0.899351, 0.957792)
colors = PackedColorArray(0.241235, 0.181639, 0.637774, 1, 0.265675, 0.328805, 0.670102, 1, 0.358184, 0.457245, 0.795857, 1, 0.55206, 0.609156, 0.918864, 1, 0.62316, 0.499455, 0.70292, 1, 0.624484, 0.462869, 0.723787, 1, 0.623842, 0.427904, 0.857562, 1, 0.661754, 0.516994, 0.900451, 1, 0.816009, 0.638485, 0.92737, 1)

[sub_resource type="GradientTexture1D" id="GradientTexture1D_astb8"]
gradient = SubResource("Gradient_md7p6")

[sub_resource type="ShaderMaterial" id="ShaderMaterial_qfsbg"]
resource_local_to_scene = true
render_priority = 0
shader = ExtResource("2_gujbd")
shader_parameter/specular = 0.5
shader_parameter/specular_amount = 0.5
shader_parameter/specular_smoothness = 0.05
shader_parameter/wrap = 0.171
shader_parameter/rim = 0.727
shader_parameter/rim_amount = 0.651
shader_parameter/rim_smoothness = 1.0
shader_parameter/metallic = 0.0
shader_parameter/roughness = 0.608
shader_parameter/emission_energy = 0.265
shader_parameter/albedo_texture = SubResource("NoiseTexture2D_e8406")
shader_parameter/color_gradient = SubResource("GradientTexture1D_astb8")

[node name="GameWindow" type="Window"]
initial_position = 1
title = "Adventure"
size = Vector2i(1280, 720)
extend_to_title = true
content_scale_size = Vector2i(1280, 720)
content_scale_aspect = 4

[node name="ViewportContainer" type="SubViewportContainer" parent="."]
texture_filter = 6
texture_repeat = 1
anchors_preset = 15
anchor_right = 1.0
anchor_bottom = 1.0
grow_horizontal = 2
grow_vertical = 2
stretch = true

[node name="Viewport" type="SubViewport" parent="ViewportContainer"]
unique_name_in_owner = true
handle_input_locally = false
screen_space_aa = 1
use_taa = true
use_debanding = true
use_occlusion_culling = true
audio_listener_enable_3d = true
size = Vector2i(1280, 720)
render_target_update_mode = 4

[node name="Level" parent="ViewportContainer/Viewport" instance=ExtResource("4_7ey7j")]

[node name="StateTree" parent="ViewportContainer/Viewport/Level" index="0"]
active = true
parameters/playback = SubResource("AnimationNodeStateMachinePlayback_wyxcb")

[node name="Character" parent="ViewportContainer/Viewport/Level" index="2"]
transform = Transform3D(0.75113, 0.0466892, -0.658501, 1.30385e-08, 0.997496, 0.0707247, 0.660154, -0.0531235, 0.749249, -0.898652, 0.602255, -1.69312)

[node name="Spaceship" parent="ViewportContainer/Viewport/Level" index="3"]
transform = Transform3D(1, 0, 0, 0, 1, 0, 0, 0, 1, 0, 0.034845, 0)
door_open = false
siren_active = true
light_level = 1.0

[node name="SpaceshipAudio" parent="ViewportContainer/Viewport/Level/Spaceship" index="4"]
volume_db = -30.802

[node name="CharacterPath" parent="ViewportContainer/Viewport/Level/FollowPaths" index="0"]
visible = true
progress_ratio = 1.0
pivot = 0.3
tilt = -0.2

[node name="RemoteTransform" parent="ViewportContainer/Viewport/Level/FollowPaths/CharacterPath" index="0"]
transform = Transform3D(0.75113, 0.0466892, -0.658501, 1.30385e-08, 0.997496, 0.0707247, 0.660154, -0.0531235, 0.749249, -0.898652, 0.602255, -1.69312)

[node name="PathFollow" parent="ViewportContainer/Viewport/Level/FollowPaths/CharacterPath" index="1"]
transform = Transform3D(-0.976034, 0, -0.216896, 0, 0.999798, 0, 0.216896, 0, -0.976034, -0.9, 0.6, -1.7)
progress = 17.3165

[node name="LookTargetPivot" parent="ViewportContainer/Viewport/Level/FollowPaths/CharacterPath/PathFollow" index="1"]
transform = Transform3D(0.587786, 0, -0.809017, 0, 1, 0, 0.809017, 0, 0.587786, 0, 0, 0)

[node name="LookTargetTilt" parent="ViewportContainer/Viewport/Level/FollowPaths/CharacterPath/PathFollow/LookTargetPivot" index="0"]
transform = Transform3D(1, 0, 0, 0, 0.997564, -0.0697565, 0, 0.0697565, 0.997564, 0, 0, 0)

[node name="AlienPath" parent="ViewportContainer/Viewport/Level/FollowPaths" index="1"]
visible = true

[node name="RemoteTransform" parent="ViewportContainer/Viewport/Level/FollowPaths/AlienPath" index="0"]
transform = Transform3D(-0.963485, 0.000102701, 0.267763, -9.09495e-11, 1, -0.000383551, -0.267763, -0.000369546, -0.963484, 1.00232, 1.29923, -4.20743)

[node name="PathFollow" parent="ViewportContainer/Viewport/Level/FollowPaths/AlienPath" index="1"]
transform = Transform3D(0.963375, 0, -0.267604, 0, 0.999828, 0, 0.267604, 0, 0.963375, 1, 1.3, -4.2)
progress = 8.07602

[node name="LamaPath" parent="ViewportContainer/Viewport/Level/FollowPaths" index="2"]
progress_ratio = 1.0

[node name="RemoteTransform" parent="ViewportContainer/Viewport/Level/FollowPaths/LamaPath" index="0"]
transform = Transform3D(-0.496051, 2.34646e-05, -0.868293, 1.09139e-11, 1, 2.70238e-05, 0.868293, 1.34052e-05, -0.496051, -2.60656, 1.20005, -5.20351)

[node name="PathFollow" parent="ViewportContainer/Viewport/Level/FollowPaths/LamaPath" index="1"]
transform = Transform3D(0.496063, 0, 0.86811, 0, 0.999818, 0, -0.86811, 0, 0.496063, -2.6, 1.2, -5.2)
progress = 39.7388

[node name="UfoPath" parent="ViewportContainer/Viewport/Level/FollowPaths" index="3"]
progress_ratio = 1.0

[node name="RemoteTransform" parent="ViewportContainer/Viewport/Level/FollowPaths/UfoPath" index="0"]
transform = Transform3D(-0.950185, 0.00608326, -0.311621, -5.82075e-09, 0.999809, 0.0195176, 0.31168, 0.0185454, -0.950005, -2.40459, 4.00037, -9.40536)

[node name="PathFollow" parent="ViewportContainer/Viewport/Level/FollowPaths/UfoPath" index="1"]
transform = Transform3D(0.68542, 0.658489, 0.310301, -0.687986, 0.725252, -0.0193938, -0.237851, -0.200216, 0.950298, -2.4, 4, -9.4)
progress = 43.5159

[node name="PlayerPath" parent="ViewportContainer/Viewport/Level/FollowPaths" index="4"]
visible = true
progress_ratio = 1.0
pivot = -0.05
tilt = -0.1
turn_speed = 2.6

[node name="RemoteTransform" parent="ViewportContainer/Viewport/Level/FollowPaths/PlayerPath" index="0"]
transform = Transform3D(0.938085, -0.0118213, 0.346203, 7.91624e-09, 0.999417, 0.0341256, -0.346405, -0.0320127, 0.937538, 0.501011, 2.19869, -1.293)
remote_path = NodePath("../../../../PlayerCamera")

[node name="PathFollow" parent="ViewportContainer/Viewport/Level/FollowPaths/PlayerPath" index="1"]
transform = Transform3D(-0.980425, 0, -0.196085, 0, 0.999798, 0, 0.196085, 0, -0.980425, 0.5, 2.2, -1.3)
progress = 16.7262

[node name="LookTargetPivot" parent="ViewportContainer/Viewport/Level/FollowPaths/PlayerPath/PathFollow" index="1"]
transform = Transform3D(0.987688, 0, 0.156434, 0, 1, 0, -0.156434, 0, 0.987688, 0, 0, 0)

[node name="LookTargetTilt" parent="ViewportContainer/Viewport/Level/FollowPaths/PlayerPath/PathFollow/LookTargetPivot" index="0"]
transform = Transform3D(1, 0, 0, 0, 0.999391, -0.0348995, 0, 0.0348995, 0.999391, 0, 0, 0)

[node name="Ground" parent="ViewportContainer/Viewport/Level" index="5"]
transform = Transform3D(1, 0, 0, 0, 1, 0, 0, 0, 1, 0, -63.0605, 0)

[node name="Ufo" parent="ViewportContainer/Viewport/Level/Ground/PlanetStardust" index="0"]
transform = Transform3D(-0.950352, 0.0061164, -0.311121, -1.62982e-09, 0.999806, 0.0196555, 0.311181, 0.0186796, -0.950169, -2.4046, 4.00071, -9.40878)

[node name="BeamTransformTarget" parent="ViewportContainer/Viewport/Level/Ground/PlanetStardust/Ufo" index="2"]
transform = Transform3D(1, 1.86265e-09, 0, -4.65661e-09, 1, 1.49012e-08, -2.08616e-07, -1.49012e-08, 1, 3.31782, -2.99033, -0.491889)

[node name="BeamTransform" parent="ViewportContainer/Viewport/Level/Ground/PlanetStardust/Ufo" index="3"]
transform = Transform3D(1, 4.65661e-09, 0, -1.39698e-08, 1, 5.21541e-08, -2.08616e-07, -2.04891e-08, 1, -0.459172, -4.08916, 1.08098)

[node name="ufo" parent="ViewportContainer/Viewport/Level/Ground/PlanetStardust/Ufo" index="4"]
transform = Transform3D(0.986388, 0.115874, 0.116671, -0.116671, 0.99317, 0, -0.115874, -0.013612, 0.99317, 0, 0, 0)

[node name="beam" parent="ViewportContainer/Viewport/Level/Ground/PlanetStardust/Ufo/ufo" index="5"]
transform = Transform3D(0.962908, 0.262692, 0.0616082, 0.0123732, -0.271081, 0.962477, 0.269536, -0.926014, -0.264276, 0.000258684, -0.611435, -0.0665932)

[node name="Alien" parent="ViewportContainer/Viewport/Level/Ground/PlanetStardust" index="1"]
transform = Transform3D(-0.963386, 0.00010267, 0.267718, -9.09402e-11, 0.999701, -0.000383487, -0.267736, -0.000369435, -0.963324, 1.00232, 1.29923, -4.20743)

[node name="Lama" parent="ViewportContainer/Viewport/Level/Ground/PlanetStardust" index="2"]
transform = Transform3D(-0.496051, 2.34646e-05, -0.868293, 1.09139e-11, 1, 2.70238e-05, 0.868293, 1.34052e-05, -0.496051, -2.60656, 1.20005, -5.20351)

[node name="Planet" parent="ViewportContainer/Viewport/Level" index="6"]
transform = Transform3D(-0.249969, 6.98492e-09, -0.00392246, 0.0027736, 0.176777, -0.176755, 0.00277359, -0.176777, -0.176755, 3.72275, 28.7924, -54.9282)
surface_material_override/0 = SubResource("ShaderMaterial_qfsbg")

[node name="Atmosphere" parent="ViewportContainer/Viewport/Level/Environment/Ground" index="1"]
transform = Transform3D(1, 0, 0, 0, 1, 0, 0, 0, 1, 0, 30.0278, 0.164101)

[node name="PlayerCamera" type="Camera3D" parent="ViewportContainer/Viewport"]
unique_name_in_owner = true
transform = Transform3D(0.938085, -0.0118213, 0.346203, 7.91624e-09, 0.999417, 0.0341256, -0.346405, -0.0320127, 0.937538, 0.501011, 2.19869, -1.293)
fov = 65.5

[node name="ScreenOverlay" parent="." instance=ExtResource("4_p5m14")]

[editable path="ViewportContainer/Viewport/Level"]
[editable path="ViewportContainer/Viewport/Level/FollowPaths/CharacterPath"]
[editable path="ViewportContainer/Viewport/Level/FollowPaths/AlienPath"]
[editable path="ViewportContainer/Viewport/Level/FollowPaths/LamaPath"]
[editable path="ViewportContainer/Viewport/Level/FollowPaths/UfoPath"]
[editable path="ViewportContainer/Viewport/Level/FollowPaths/PlayerPath"]
[editable path="ViewportContainer/Viewport/Level/Ground/Station/Computers/Computer_01"]
[editable path="ViewportContainer/Viewport/Level/Ground/Station/Computers/Computer_03"]
[editable path="ViewportContainer/Viewport/Level/Ground/Station/Computers/Computer_04"]
[editable path="ViewportContainer/Viewport/Level/Ground/Station/Computers/Computer_05"]
[editable path="ViewportContainer/Viewport/Level/Ground/PlanetStardust/Ufo"]
[editable path="ViewportContainer/Viewport/Level/Environment"]
